109172 301241 1.000000
6171 12245 1.000000
9809171 9904213 1.000000
6095 6149 1.000000
9604086 9704200 1.000000
9409199 9411096 1.000000
9409199 9503064 1.000000
9411096 9503064 1.000000
9208021 9211114 1.000000
9208021 9212124 1.000000
9208021 9212125 1.000000
9208021 9309022 1.000000
9208021 9402045 1.000000
9211114 9212124 1.000000
9211114 9212125 1.000000
9211114 9309022 1.000000
9211114 9402045 1.000000
9212124 9212125 1.000000
9212124 9309022 1.000000
9212124 9402045 1.000000
9212125 9309022 1.000000
9212125 9402045 1.000000
9309022 9402045 1.000000
5109 10236 1.000000
5109 9410127 1.000000
10236 9410127 1.000000
9903114 9910007 1.000000
9811153 9909151 1.000000
9312039 9411181 1.000000
9301131 9410047 1.000000
9412096 9505131 1.000000
9206006 9207118 1.000000
9206006 9606062 1.000000
9207118 9606062 1.000000
9707218 9909169 1.000000
9306096 9307038 1.000000
9405008 9411054 1.000000
302124 303163 1.000000
9611096 9707039 1.000000
9611096 9902076 1.000000
9707039 9902076 1.000000
9312014 9410178 1.000000
9312014 9508114 1.000000
9410178 9508114 1.000000
9711118 9711119 1.000000
9307139 9502079 1.000000
9307139 9706029 1.000000
9502079 9706029 1.000000
9210157 9303091 1.000000
9311026 9408014 1.000000
9903073 9909024 1.000000
9604009 9606059 1.000000
9402037 9404054 1.000000
9605078 9710130 1.000000
9605078 9802054 1.000000
9605078 9909204 1.000000
9710130 9802054 1.000000
9710130 9909204 1.000000
9802054 9909204 1.000000
105280 203122 1.000000
9210110 9301061 1.000000
9210110 9308126 1.000000
9301061 9308126 1.000000
9507056 9510025 1.000000
9211058 9801098 1.000000
9309148 9404081 1.000000
9702169 9808064 1.000000
9412121 9502142 1.000000
9511194 9606177 1.000000
9208030 9301006 1.000000
9210111 9303177 1.000000
9303163 9403156 1.000000
9407154 9502161 1.000000
9503061 9510114 1.000000
9808021 9811111 1.000000
9311008 9408038 1.000000
9309151 9408085 1.000000
9404117 9405037 1.000000
9609013 9609014 1.000000
9203009 9203043 1.000000
9203009 9206060 1.000000
9203043 9206060 1.000000
9311039 9407165 1.000000
9311039 9407171 1.000000
9407165 9407171 1.000000
9803200 9804071 1.000000
9306049 9312060 1.000000
9307045 9310098 1.000000
1040 7091 1.000000
9410082 9512212 1.000000
9410082 9512213 1.000000
9512212 9512213 1.000000
9409008 9508093 1.000000
105130 203054 1.000000
102115 102139 1.000000
9206079 9208001 1.000000
9206079 9208025 1.000000
9206079 9210079 1.000000
9208001 9208025 1.000000
9208001 9210079 1.000000
9208025 9210079 1.000000
9506030 9609036 1.000000
9506030 9710071 1.000000
9506030 9912270 1.000000
9609036 9710071 1.000000
9609036 9912270 1.000000
9710071 9912270 1.000000
211079 9701063 1.000000
9603014 9704179 1.000000
9302108 9305089 1.000000
101121 211099 1.000000
101121 212280 1.000000
101121 9912228 1.000000
211099 212280 1.000000
211099 9912228 1.000000
212280 9912228 1.000000
9212005 9305049 1.000000
9212005 9410195 1.000000
9305049 9410195 1.000000
204024 212285 1.000000
9506153 9603163 1.000000
9402155 9501048 1.000000
9303033 9303089 1.000000
9311107 9506198 1.000000
9806145 9904163 1.000000
9512132 9606110 1.000000
9710074 9801172 1.000000
9609148 9801059 1.000000
9611156 9709223 1.000000
9608052 9609029 1.000000
9306119 9312202 1.000000
2224 9911106 1.000000
9407007 9409174 1.000000
3082 3105 1.000000
9218 9804117 1.000000
9709143 9802077 1.000000
9709143 9802078 1.000000
9802077 9802078 1.000000
9303173 9307108 1.000000
9303173 9410078 1.000000
9307108 9410078 1.000000
9208035 9211025 1.000000
9502085 9503012 1.000000
9502085 9505141 1.000000
9502085 9512098 1.000000
9502085 9601148 1.000000
9502085 9606104 1.000000
9502085 9609156 1.000000
9502085 9610233 1.000000
9502085 9611228 1.000000
9502085 9704062 1.000000
9502085 9811086 1.000000
9503012 9505141 1.000000
9503012 9512098 1.000000
9503012 9601148 1.000000
9503012 9606104 1.000000
9503012 9609156 1.000000
9503012 9610233 1.000000
9503012 9611228 1.000000
9503012 9704062 1.000000
9503012 9811086 1.000000
9505141 9512098 1.000000
9505141 9601148 1.000000
9505141 9606104 1.000000
9505141 9609156 1.000000
9505141 9610233 1.000000
9505141 9611228 1.000000
9505141 9704062 1.000000
9505141 9811086 1.000000
9512098 9601148 1.000000
9512098 9606104 1.000000
9512098 9609156 1.000000
9512098 9610233 1.000000
9512098 9611228 1.000000
9512098 9704062 1.000000
9512098 9811086 1.000000
9601148 9606104 1.000000
9601148 9609156 1.000000
9601148 9610233 1.000000
9601148 9611228 1.000000
9601148 9704062 1.000000
9601148 9811086 1.000000
9606104 9609156 1.000000
9606104 9610233 1.000000
9606104 9611228 1.000000
9606104 9704062 1.000000
9606104 9811086 1.000000
9609156 9610233 1.000000
9609156 9611228 1.000000
9609156 9704062 1.000000
9609156 9811086 1.000000
9610233 9611228 1.000000
9610233 9704062 1.000000
9610233 9811086 1.000000
9611228 9704062 1.000000
9611228 9811086 1.000000
9704062 9811086 1.000000
209196 301199 1.000000
101197 9906110 1.000000
9604048 9606166 1.000000
9604048 9611054 1.000000
9604048 9705083 1.000000
9606166 9611054 1.000000
9606166 9705083 1.000000
9611054 9705083 1.000000
9404106 9804195 1.000000
9301075 9301127 1.000000
9301075 9811113 1.000000
9301127 9811113 1.000000
203088 9903188 1.000000
111271 203171 1.000000
9803089 9812138 1.000000
9405036 9410159 1.000000
9405036 9510063 1.000000
9410159 9510063 1.000000
9204052 9204053 1.000000
9204052 9205020 1.000000
9204052 9205065 1.000000
9204052 9206014 1.000000
9204053 9205020 1.000000
9204053 9205065 1.000000
9204053 9206014 1.000000
9205020 9205065 1.000000
9205020 9206014 1.000000
9205065 9206014 1.000000
9406064 9410023 1.000000
9512200 9512202 1.000000
9909194 9910241 1.000000
9306091 9412012 1.000000
9306091 9505079 1.000000
9412012 9505079 1.000000
102117 9505165 1.000000
9312186 9404075 1.000000
9312186 9412185 1.000000
9404075 9412185 1.000000
9507147 9507148 1.000000
9306038 9306164 1.000000
9306038 9308105 1.000000
9306164 9308105 1.000000
9308007 9309002 1.000000
9308007 9309003 1.000000
9308007 9309004 1.000000
9309002 9309003 1.000000
9309002 9309004 1.000000
9309003 9309004 1.000000
9208064 9209122 1.000000
9508010 9508011 1.000000
9205071 9303006 1.000000
9507076 9507077 1.000000
9507076 9903097 1.000000
9507077 9903097 1.000000
9407067 9408146 1.000000
8248 107069 1.000000
8248 109169 1.000000
107069 109169 1.000000
9310024 9310055 1.000000
9312169 9503098 1.000000
9411080 9412181 1.000000
9411080 9501119 1.000000
9411080 9712098 1.000000
9412181 9501119 1.000000
9412181 9712098 1.000000
9501119 9712098 1.000000
9311170 9404093 1.000000
9410179 9410200 1.000000
9410179 9410226 1.000000
9410200 9410226 1.000000
9407095 9504134 1.000000
9305017 9305146 1.000000
9305017 9307124 1.000000
9305017 9307129 1.000000
9305017 9307130 1.000000
9305017 9307197 1.000000
9305017 9310108 1.000000
9305017 9310158 1.000000
9305146 9307124 1.000000
9305146 9307129 1.000000
9305146 9307130 1.000000
9305146 9307197 1.000000
9305146 9310108 1.000000
9305146 9310158 1.000000
9307124 9307129 1.000000
9307124 9307130 1.000000
9307124 9307197 1.000000
9307124 9310108 1.000000
9307124 9310158 1.000000
9307129 9307130 1.000000
9307129 9307197 1.000000
9307129 9310108 1.000000
9307129 9310158 1.000000
9307130 9307197 1.000000
9307130 9310108 1.000000
9307130 9310158 1.000000
9307197 9310108 1.000000
9307197 9310158 1.000000
9310108 9310158 1.000000
9208068 9208077 1.000000
10276 103062 1.000000
9610097 9707175 1.000000
9510091 9607186 1.000000
9510091 9807043 1.000000
9607186 9807043 1.000000
9412058 9412059 1.000000
108210 109144 1.000000
9905185 9906245 1.000000
9610075 9701018 1.000000
9610075 9701176 1.000000
9701018 9701176 1.000000
9401008 9412116 1.000000
9305172 9402150 1.000000
9305172 9404064 1.000000
9402150 9404064 1.000000
9712190 9712192 1.000000
9307109 9309120 1.000000
9302109 9306095 1.000000
9311147 9411034 1.000000
9211068 9302088 1.000000
9211068 9302112 1.000000
9302088 9302112 1.000000
9310089 9405058 1.000000
9711135 9712128 0.888889
4171 11078 1.000000
9302040 9304012 1.000000
9508146 9511139 1.000000
9611058 9805077 1.000000
204108 9910220 1.000000
9806134 9901160 1.000000
9304105 9305065 1.000000
9304105 9307042 1.000000
9304105 9307104 1.000000
9304105 9308030 1.000000
9304105 9311077 1.000000
9304105 9405090 1.000000
9305065 9307042 1.000000
9305065 9307104 1.000000
9305065 9308030 1.000000
9305065 9311077 1.000000
9305065 9405090 1.000000
9307042 9307104 1.000000
9307042 9308030 1.000000
9307042 9311077 1.000000
9307042 9405090 1.000000
9307104 9308030 1.000000
9307104 9311077 1.000000
9307104 9405090 1.000000
9308030 9311077 1.000000
9308030 9405090 1.000000
9311077 9405090 1.000000
7144 210156 1.000000
201044 9710006 1.000000
9207063 9208031 1.000000
9207063 9312120 1.000000
9208031 9312120 1.000000
9411041 9610158 1.000000
9502041 9909083 1.000000
9303048 9312136 1.000000
9208073 9303004 1.000000
9208073 9305046 1.000000
9303004 9305046 1.000000
9407090 9409133 1.000000
9211126 9411035 1.000000
9211126 9508025 1.000000
9411035 9508025 1.000000
9406200 9408114 1.000000
9209084 9308101 1.000000
9607080 9708058 1.000000
9407086 9702137 1.000000
103087 9902124 1.000000
3014 9409004 1.000000
3014 9708032 1.000000
9409004 9708032 1.000000
9805060 9805061 1.000000
9411069 9411071 1.000000
9611212 9802161 1.000000
9510038 9510039 1.000000
9301084 9310018 1.000000
9209120 9211059 1.000000
9209120 9610021 1.000000
9211059 9610021 1.000000
9307150 9308059 1.000000
9506028 9506173 1.000000
9506028 9509006 1.000000
9506028 9509054 1.000000
9506173 9509006 1.000000
9506173 9509054 1.000000
9509006 9509054 1.000000
9809080 9906236 1.000000
9501141 9507125 1.000000
9501141 9609114 1.000000
9507125 9609114 1.000000
9207036 9307036 1.000000
9809050 9809098 0.909091
9212068 9305178 1.000000
9212068 9309098 1.000000
9305178 9309098 1.000000
9310049 9401059 1.000000
9310049 9401092 1.000000
9401059 9401092 1.000000
212198 301018 0.882353
212198 303152 0.882353
301018 303152 1.000000
9409156 9707103 1.000000
9211078 9311083 1.000000
9304058 9404026 1.000000
9601165 9611062 1.000000
9410198 9511010 1.000000
9308072 9308148 1.000000
9308072 9312068 1.000000
9308072 9401112 1.000000
9308148 9312068 1.000000
9308148 9401112 1.000000
9312068 9401112 1.000000
9301026 9305134 1.000000
9211138 9305037 1.000000
9211138 9401103 1.000000
9211138 9704138 1.000000
9305037 9401103 1.000000
9305037 9704138 1.000000
9401103 9704138 1.000000
9202018 9202022 1.000000
9202018 9203079 1.000000
9202022 9203079 1.000000
9703006 9703018 1.000000
9306114 9412171 1.000000
9311090 9312163 1.000000
9311090 9406204 1.000000
9311090 9408153 1.000000
9311090 9411196 1.000000
9312163 9406204 1.000000
9312163 9408153 1.000000
9312163 9411196 1.000000
9406204 9408153 1.000000
9406204 9411196 1.000000
9408153 9411196 1.000000
9408027 9411177 1.000000
9408027 9702092 1.000000
9411177 9702092 1.000000
9510240 9512108 1.000000
9409002 9810120 1.000000
9409002 9811001 1.000000
9810120 9811001 1.000000
9306102 9401049 1.000000
9306102 9402026 1.000000
9306102 9510163 1.000000
9401049 9402026 1.000000
9401049 9510163 1.000000
9402026 9510163 1.000000
9209041 9211098 1.000000
9209041 9305005 1.000000
9211098 9305005 1.000000
9309116 9311034 1.000000
9309116 9411011 1.000000
9309116 9702021 1.000000
9311034 9411011 1.000000
9311034 9702021 1.000000
9411011 9702021 1.000000
9404089 9411162 1.000000
9403198 9407106 1.000000
9403198 9408155 1.000000
9403198 9607172 1.000000
9407106 9408155 1.000000
9407106 9607172 1.000000
9408155 9607172 1.000000
9307097 9312057 1.000000
9307097 9405087 1.000000
9312057 9405087 1.000000
9802146 9901049 1.000000
9802146 9904046 1.000000
9901049 9904046 1.000000
9510026 9601073 1.000000
9304045 9306074 1.000000
109088 9405077 1.000000
109088 9506189 1.000000
9405077 9506189 1.000000
9402008 9404031 1.000000
9402008 9405005 1.000000
9402008 9405006 1.000000
9404031 9405005 1.000000
9404031 9405006 1.000000
9405005 9405006 1.000000
107230 9902065 1.000000
11084 9311068 1.000000
11084 9404138 1.000000
11084 9405022 1.000000
11084 9406013 1.000000
11084 9410199 1.000000
11084 9411127 1.000000
11084 9503153 1.000000
11084 9512215 1.000000
9311068 9404138 1.000000
9311068 9405022 1.000000
9311068 9406013 1.000000
9311068 9410199 1.000000
9311068 9411127 1.000000
9311068 9503153 1.000000
9311068 9512215 1.000000
9404138 9405022 1.000000
9404138 9406013 1.000000
9404138 9410199 1.000000
9404138 9411127 1.000000
9404138 9503153 1.000000
9404138 9512215 1.000000
9405022 9406013 1.000000
9405022 9410199 1.000000
9405022 9411127 1.000000
9405022 9503153 1.000000
9405022 9512215 1.000000
9406013 9410199 1.000000
9406013 9411127 1.000000
9406013 9503153 1.000000
9406013 9512215 1.000000
9410199 9411127 1.000000
9410199 9503153 1.000000
9410199 9512215 1.000000
9411127 9503153 1.000000
9411127 9512215 1.000000
9503153 9512215 1.000000
9206049 9210109 1.000000
9206049 9310103 1.000000
9206049 9311013 1.000000
9206049 9405104 1.000000
9206049 9705141 1.000000
9210109 9310103 1.000000
9210109 9311013 1.000000
9210109 9405104 1.000000
9210109 9705141 1.000000
9310103 9311013 1.000000
9310103 9405104 1.000000
9310103 9705141 1.000000
9311013 9405104 1.000000
9311013 9705141 1.000000
9405104 9705141 1.000000
9504156 9908191 1.000000
103228 110212 1.000000
9407082 9408087 1.000000
9407082 9506039 1.000000
9408087 9506039 1.000000
9301124 9301130 1.000000
9610033 9610210 1.000000
9612030 9706183 0.956522
9209007 9307022 1.000000
9308031 9508157 1.000000
204105 212026 0.888889
9812040 9910257 1.000000
9603058 9811018 1.000000
9212141 9301126 1.000000
9808028 9808044 1.000000
9311129 9312107 1.000000
9408016 9411018 1.000000
9402066 9407178 1.000000
9509046 9606197 1.000000
9710211 9810191 1.000000
9602130 9602131 1.000000
9302046 9308107 1.000000
9509057 9611226 1.000000
9301120 9303117 1.000000
9304114 9308115 1.000000
9501033 9508062 1.000000
9604138 9611142 1.000000
9604138 9812015 1.000000
9611142 9812015 1.000000
9906002 9910002 1.000000
105278 9809155 1.000000
9206055 9206070 1.000000
9206055 9206087 1.000000
9206055 9206107 1.000000
9206055 9207034 1.000000
9206055 9207077 1.000000
9206055 9210088 1.000000
9206055 9211095 1.000000
9206055 9302011 1.000000
9206055 9305123 1.000000
9206055 9402109 1.000000
9206070 9206087 1.000000
9206070 9206107 1.000000
9206070 9207034 1.000000
9206070 9207077 1.000000
9206070 9210088 1.000000
9206070 9211095 1.000000
9206070 9302011 1.000000
9206070 9305123 1.000000
9206070 9402109 1.000000
9206087 9206107 1.000000
9206087 9207034 1.000000
9206087 9207077 1.000000
9206087 9210088 1.000000
9206087 9211095 1.000000
9206087 9302011 1.000000
9206087 9305123 1.000000
9206087 9402109 1.000000
9206107 9207034 1.000000
9206107 9207077 1.000000
9206107 9210088 1.000000
9206107 9211095 1.000000
9206107 9302011 1.000000
9206107 9305123 1.000000
9206107 9402109 1.000000
9207034 9207077 1.000000
9207034 9210088 1.000000
9207034 9211095 1.000000
9207034 9302011 1.000000
9207034 9305123 1.000000
9207034 9402109 1.000000
9207077 9210088 1.000000
9207077 9211095 1.000000
9207077 9302011 1.000000
9207077 9305123 1.000000
9207077 9402109 1.000000
9210088 9211095 1.000000
9210088 9302011 1.000000
9210088 9305123 1.000000
9210088 9402109 1.000000
9211095 9302011 1.000000
9211095 9305123 1.000000
9211095 9402109 1.000000
9302011 9305123 1.000000
9302011 9402109 1.000000
9305123 9402109 1.000000
109122 204112 0.950000
1220 9512146 1.000000
1220 9608178 1.000000
9512146 9608178 1.000000
11015 9807215 1.000000
9802044 9908087 1.000000
10210 11022 1.000000
10210 9806200 1.000000
11022 9806200 1.000000
9403106 9507103 1.000000
9309102 9311082 1.000000
9407151 9503209 1.000000
9304007 9306101 1.000000
9304007 9308013 1.000000
9304007 9408003 1.000000
9306101 9308013 1.000000
9306101 9408003 1.000000
9308013 9408003 1.000000
9312164 9401056 1.000000
9312164 9702097 1.000000
9401056 9702097 1.000000
9606019 9606023 1.000000
9606019 9610153 1.000000
9606023 9610153 1.000000
9312162 9406190 1.000000
9209032 9210127 1.000000
9209032 9311183 1.000000
9210127 9311183 1.000000
9208033 9208063 1.000000
9402092 9901110 1.000000
9804002 9807036 1.000000
9605025 9605057 1.000000
9206052 9207040 1.000000
9809014 9810111 1.000000
9410101 9412070 1.000000
9903035 9905119 1.000000
303019 9506176 1.000000
9602040 9908206 1.000000
9407056 9411037 1.000000
9305135 9307075 1.000000
9305135 9308053 1.000000
9305135 9309118 1.000000
9305135 9312084 1.000000
9305135 9410208 1.000000
9305135 9506078 1.000000
9305135 9506195 1.000000
9307075 9308053 1.000000
9307075 9309118 1.000000
9307075 9312084 1.000000
9307075 9410208 1.000000
9307075 9506078 1.000000
9307075 9506195 1.000000
9308053 9309118 1.000000
9308053 9312084 1.000000
9308053 9410208 1.000000
9308053 9506078 1.000000
9308053 9506195 1.000000
9309118 9312084 1.000000
9309118 9410208 1.000000
9309118 9506078 1.000000
9309118 9506195 1.000000
9312084 9410208 1.000000
9312084 9506078 1.000000
9312084 9506195 1.000000
9410208 9506078 1.000000
9410208 9506195 1.000000
9506078 9506195 1.000000
9207093 9304113 1.000000
9403080 9411067 1.000000
9509067 9710058 1.000000
104245 9510165 1.000000
9304071 9305121 1.000000
9304071 9305175 1.000000
9304071 9510221 1.000000
9305121 9305175 1.000000
9305121 9510221 1.000000
9305175 9510221 1.000000
9807044 9910010 1.000000
9611091 9807214 1.000000
9412137 9710028 1.000000
9405169 9406043 1.000000
9205099 9206082 1.000000
9205099 9208055 1.000000
9205099 9210061 1.000000
9205099 9212037 1.000000
9205099 9303171 1.000000
9205099 9304054 1.000000
9206082 9208055 1.000000
9206082 9210061 1.000000
9206082 9212037 1.000000
9206082 9303171 1.000000
9206082 9304054 1.000000
9208055 9210061 1.000000
9208055 9212037 1.000000
9208055 9303171 1.000000
9208055 9304054 1.000000
9210061 9212037 1.000000
9210061 9303171 1.000000
9210061 9304054 1.000000
9212037 9303171 1.000000
9212037 9304054 1.000000
9303171 9304054 1.000000
9612252 9910253 1.000000
207269 209259 1.000000
9208036 9409047 1.000000
9208036 9505037 1.000000
9208036 9506187 1.000000
9208036 9706008 1.000000
9208036 9804147 1.000000
9208036 9810169 1.000000
9208036 9902041 1.000000
9409047 9505037 1.000000
9409047 9506187 1.000000
9409047 9706008 1.000000
9409047 9804147 1.000000
9409047 9810169 1.000000
9409047 9902041 1.000000
9505037 9506187 1.000000
9505037 9706008 1.000000
9505037 9804147 1.000000
9505037 9810169 1.000000
9505037 9902041 1.000000
9506187 9706008 1.000000
9506187 9804147 1.000000
9506187 9810169 1.000000
9506187 9902041 1.000000
9706008 9804147 1.000000
9706008 9810169 1.000000
9706008 9902041 1.000000
9804147 9810169 1.000000
9804147 9902041 1.000000
9810169 9902041 1.000000
9408131 9409153 1.000000
210298 9705213 1.000000
210298 9707038 1.000000
9705213 9707038 1.000000
9212093 9305118 1.000000
9212093 9306022 1.000000
9212093 9307149 1.000000
9212093 9311095 1.000000
9212093 9312125 1.000000
9305118 9306022 1.000000
9305118 9307149 1.000000
9305118 9311095 1.000000
9305118 9312125 1.000000
9306022 9307149 1.000000
9306022 9311095 1.000000
9306022 9312125 1.000000
9307149 9311095 1.000000
9307149 9312125 1.000000
9311095 9312125 1.000000
212164 304185 1.000000
9401118 9407089 1.000000
9310102 9510060 1.000000
9602044 9612136 1.000000
9504116 9612175 1.000000
9504116 9702064 1.000000
9612175 9702064 1.000000
203034 210283 1.000000
102116 201154 0.961538
9708018 9911012 1.000000
9309160 9310117 1.000000
9309160 9312153 1.000000
9310117 9312153 1.000000
9412107 9502052 1.000000
1147 9412025 1.000000
1147 9412208 1.000000
9412025 9412208 1.000000
9207065 9208053 1.000000
9207078 9311047 1.000000
9503100 9503101 1.000000
9503100 9508070 1.000000
9503100 9606183 1.000000
9503101 9508070 1.000000
9503101 9606183 1.000000
9508070 9606183 1.000000
9206003 9310145 1.000000
105173 109035 1.000000
9312046 9506121 1.000000
9312046 9709158 1.000000
9506121 9709158 1.000000
9505084 9506188 1.000000
9306020 9306047 1.000000
11087 9612072 1.000000
9205086 9210075 1.000000
9205086 9211093 1.000000
9205086 9212157 1.000000
9205086 9312079 1.000000
9210075 9211093 1.000000
9210075 9212157 1.000000
9210075 9312079 1.000000
9211093 9212157 1.000000
9211093 9312079 1.000000
9212157 9312079 1.000000
9302054 9306060 1.000000
4058 8183 1.000000
4058 203090 1.000000
8183 203090 1.000000
9607075 9709046 1.000000
9305024 9308008 1.000000
9306034 9309014 1.000000
9306034 9403032 1.000000
9309014 9403032 1.000000
11180 104030 1.000000
9212045 9303003 1.000000
9401019 9404023 1.000000
9401019 9407145 1.000000
9404023 9407145 1.000000
9504141 9507170 0.833333
9209034 9209099 1.000000
9209034 9209111 1.000000
9209034 9211051 1.000000
9209034 9211072 1.000000
9209034 9308050 1.000000
9209034 9311172 1.000000
9209034 9401031 1.000000
9209034 9410190 1.000000
9209099 9209111 1.000000
9209099 9211051 1.000000
9209099 9211072 1.000000
9209099 9308050 1.000000
9209099 9311172 1.000000
9209099 9401031 1.000000
9209099 9410190 1.000000
9209111 9211051 1.000000
9209111 9211072 1.000000
9209111 9308050 1.000000
9209111 9311172 1.000000
9209111 9401031 1.000000
9209111 9410190 1.000000
9211051 9211072 1.000000
9211051 9308050 1.000000
9211051 9311172 1.000000
9211051 9401031 1.000000
9211051 9410190 1.000000
9211072 9308050 1.000000
9211072 9311172 1.000000
9211072 9401031 1.000000
9211072 9410190 1.000000
9308050 9311172 1.000000
9308050 9401031 1.000000
9308050 9410190 1.000000
9311172 9401031 1.000000
9311172 9410190 1.000000
9401031 9410190 1.000000
11104 107117 1.000000
301115 9608139 1.000000
9302048 9303081 1.000000
9303020 9303023 1.000000
9612057 9908074 1.000000
9703005 9707040 1.000000
9912222 9912292 1.000000
9411091 9412004 1.000000
9411091 9412032 1.000000
9412004 9412032 1.000000
9405189 9408015 1.000000
9405189 9412183 1.000000
9408015 9412183 1.000000
9302115 9406197 1.000000
9306048 9309114 1.000000
9609154 9609155 1.000000
303260 9812179 1.000000
9309025 9310006 1.000000
9505114 9510024 1.000000
104007 9302085 1.000000
104007 9412063 1.000000
104007 9604128 1.000000
9302085 9412063 1.000000
9302085 9604128 1.000000
9412063 9604128 1.000000
4069 103125 1.000000
5171 9712237 1.000000
9802167 9811091 1.000000
9811135 9911162 1.000000
9401002 9403046 1.000000
9401002 9403145 1.000000
9401002 9403146 1.000000
9401002 9406073 1.000000
9401002 9809013 1.000000
9403046 9403145 1.000000
9403046 9403146 1.000000
9403046 9406073 1.000000
9403046 9809013 1.000000
9403145 9403146 1.000000
9403145 9406073 1.000000
9403145 9809013 1.000000
9403146 9406073 1.000000
9403146 9809013 1.000000
9406073 9809013 1.000000
9302135 9303082 1.000000
9302135 9303110 1.000000
9302135 9305022 1.000000
9302135 9306136 1.000000
9302135 9401042 1.000000
9302135 9402138 1.000000
9302135 9406065 1.000000
9303082 9303110 1.000000
9303082 9305022 1.000000
9303082 9306136 1.000000
9303082 9401042 1.000000
9303082 9402138 1.000000
9303082 9406065 1.000000
9303110 9305022 1.000000
9303110 9306136 1.000000
9303110 9401042 1.000000
9303110 9402138 1.000000
9303110 9406065 1.000000
9305022 9306136 1.000000
9305022 9401042 1.000000
9305022 9402138 1.000000
9305022 9406065 1.000000
9306136 9401042 1.000000
9306136 9402138 1.000000
9306136 9406065 1.000000
9401042 9402138 1.000000
9401042 9406065 1.000000
9402138 9406065 1.000000
9310178 9312066 1.000000
9310178 9403037 1.000000
9312066 9403037 1.000000
9304060 9305010 1.000000
9304060 9310007 1.000000
9304060 9401061 1.000000
9304060 9402135 1.000000
9304060 9402140 1.000000
9304060 9403195 1.000000
9304060 9407115 1.000000
9305010 9310007 1.000000
9305010 9401061 1.000000
9305010 9402135 1.000000
9305010 9402140 1.000000
9305010 9403195 1.000000
9305010 9407115 1.000000
9310007 9401061 1.000000
9310007 9402135 1.000000
9310007 9402140 1.000000
9310007 9403195 1.000000
9310007 9407115 1.000000
9401061 9402135 1.000000
9401061 9402140 1.000000
9401061 9403195 1.000000
9401061 9407115 1.000000
9402135 9402140 1.000000
9402135 9403195 1.000000
9402135 9407115 1.000000
9402140 9403195 1.000000
9402140 9407115 1.000000
9403195 9407115 1.000000
9210081 9210082 1.000000
9608143 9709154 1.000000
9210113 9304081 1.000000
9210113 9305021 1.000000
9210113 9306024 1.000000
9210113 9306027 1.000000
9210113 9403116 1.000000
9210113 9403117 1.000000
9210113 9410223 1.000000
9304081 9305021 1.000000
9304081 9306024 1.000000
9304081 9306027 1.000000
9304081 9403116 1.000000
9304081 9403117 1.000000
9304081 9410223 1.000000
9305021 9306024 1.000000
9305021 9306027 1.000000
9305021 9403116 1.000000
9305021 9403117 1.000000
9305021 9410223 1.000000
9306024 9306027 1.000000
9306024 9403116 1.000000
9306024 9403117 1.000000
9306024 9410223 1.000000
9306027 9403116 1.000000
9306027 9403117 1.000000
9306027 9410223 1.000000
9403116 9403117 1.000000
9403116 9410223 1.000000
9403117 9410223 1.000000
9601019 9610100 1.000000
9302116 9312109 1.000000
9302116 9612122 1.000000
9312109 9612122 1.000000
11126 12244 1.000000
9311151 9412139 1.000000
9604197 9610073 1.000000
9312073 9312076 1.000000
9312073 9401141 1.000000
9312076 9401141 1.000000
9502068 9811123 1.000000
9511196 9512026 1.000000
9511196 9608067 1.000000
9512026 9608067 1.000000
6216 9911087 0.916667
9310070 9312037 1.000000
9310070 9407146 1.000000
9310070 9408138 1.000000
9312037 9407146 1.000000
9312037 9408138 1.000000
9407146 9408138 1.000000
9302055 9303128 1.000000
9811100 9905164 1.000000
9401086 9402029 1.000000
9402071 9404049 1.000000
9402071 9505048 1.000000
9402071 9511034 1.000000
9402071 9603019 1.000000
9404049 9505048 1.000000
9404049 9511034 1.000000
9404049 9603019 1.000000
9505048 9511034 1.000000
9505048 9603019 1.000000
9511034 9603019 1.000000
3016 9803084 1.000000
9403065 9405009 1.000000
9510113 9607097 1.000000
9510113 9607098 1.000000
9510113 9702141 1.000000
9607097 9607098 1.000000
9607097 9702141 1.000000
9607098 9702141 1.000000
9301002 9303041 1.000000
9301002 9303042 1.000000
9303041 9303042 1.000000
9301122 9306135 1.000000
9504044 9504045 1.000000
9504044 9504046 1.000000
9504045 9504046 1.000000
6032 9078 1.000000
9401130 9403014 1.000000
9401130 9409092 1.000000
9403014 9409092 1.000000
9506166 9509028 1.000000
9405117 9911070 1.000000
11157 102143 1.000000
11157 9610017 1.000000
102143 9610017 1.000000
9408041 9408143 1.000000
9408041 9411147 1.000000
9408143 9411147 1.000000
9612185 9707082 1.000000
9908168 9909008 1.000000
9404069 9404072 1.000000
9709179 9709197 1.000000
9702057 9907162 1.000000
9307065 9307116 0.857143
104197 9512087 1.000000
9303150 9804130 1.000000
9511008 9511009 1.000000
9510027 9512091 1.000000
9309101 9311042 1.000000
9502087 9511001 1.000000
9710235 9802036 1.000000
9206048 9206067 1.000000
9303135 9306130 1.000000
9303135 9506072 1.000000
9306130 9506072 1.000000
9406031 9407197 1.000000
9702135 9912253 1.000000
9304101 9305006 1.000000
9510048 9510049 1.000000
9412055 9905040 1.000000
9306100 9907181 1.000000
9505126 9703074 1.000000
6001 9909139 1.000000
9507165 9508097 1.000000
9210019 9311063 1.000000
9210019 9402075 1.000000
9210019 9407102 1.000000
9311063 9402075 1.000000
9311063 9407102 1.000000
9402075 9407102 1.000000
2247 9811003 0.923077
9608179 9710133 1.000000
9308002 9407035 1.000000
9411057 9505190 1.000000
9411057 9506051 1.000000
9411057 9602157 1.000000
9411057 9610213 1.000000
9411057 9708061 1.000000
9411057 9907104 1.000000
9411057 9909158 1.000000
9505190 9506051 1.000000
9505190 9602157 1.000000
9505190 9610213 1.000000
9505190 9708061 1.000000
9505190 9907104 1.000000
9505190 9909158 1.000000
9506051 9602157 1.000000
9506051 9610213 1.000000
9506051 9708061 1.000000
9506051 9907104 1.000000
9506051 9909158 1.000000
9602157 9610213 1.000000
9602157 9708061 1.000000
9602157 9907104 1.000000
9602157 9909158 1.000000
9610213 9708061 1.000000
9610213 9907104 1.000000
9610213 9909158 1.000000
9708061 9907104 1.000000
9708061 9909158 1.000000
9907104 9909158 1.000000
9703034 9811250 1.000000
107240 112243 1.000000
107240 204118 1.000000
112243 204118 1.000000
208122 210001 1.000000
208122 302161 1.000000
210001 302161 1.000000
203037 9904177 1.000000
203037 9904178 1.000000
9904177 9904178 1.000000
9703169 9710143 1.000000
9404013 9411045 1.000000
9311179 9401149 1.000000
9311179 9402046 1.000000
9311179 9408150 1.000000
9311179 9408157 1.000000
9401149 9402046 1.000000
9401149 9408150 1.000000
9401149 9408157 1.000000
9402046 9408150 1.000000
9402046 9408157 1.000000
9408150 9408157 1.000000
9411237 9412010 1.000000
202004 9411226 1.000000
202004 9501137 1.000000
202004 9506062 1.000000
202004 9706084 1.000000
9411226 9501137 1.000000
9411226 9506062 1.000000
9411226 9706084 1.000000
9501137 9506062 1.000000
9501137 9706084 1.000000
9506062 9706084 1.000000
9804077 9910044 1.000000
9301004 9307125 1.000000
9207002 9207117 1.000000
201168 9503145 1.000000
9503039 9603035 1.000000
9804187 9901019 1.000000
9509009 9610119 0.863636
102075 202102 1.000000
9208046 9210072 1.000000
9208046 9303100 1.000000
9208046 9305079 1.000000
9208046 9507089 1.000000
9210072 9303100 1.000000
9210072 9305079 1.000000
9210072 9507089 1.000000
9303100 9305079 1.000000
9303100 9507089 1.000000
9305079 9507089 1.000000
9206058 9207115 1.000000
9302057 9402083 1.000000
9602055 9602056 1.000000
210180 9302039 1.000000
210180 9306025 1.000000
210180 9401154 1.000000
210180 9401167 1.000000
210180 9402064 1.000000
210180 9406005 1.000000
210180 9509125 1.000000
210180 9609120 1.000000
9302039 9306025 1.000000
9302039 9401154 1.000000
9302039 9401167 1.000000
9302039 9402064 1.000000
9302039 9406005 1.000000
9302039 9509125 1.000000
9302039 9609120 1.000000
9306025 9401154 1.000000
9306025 9401167 1.000000
9306025 9402064 1.000000
9306025 9406005 1.000000
9306025 9509125 1.000000
9306025 9609120 1.000000
9401154 9401167 1.000000
9401154 9402064 1.000000
9401154 9406005 1.000000
9401154 9509125 1.000000
9401154 9609120 1.000000
9401167 9402064 1.000000
9401167 9406005 1.000000
9401167 9509125 1.000000
9401167 9609120 1.000000
9402064 9406005 1.000000
9402064 9509125 1.000000
9402064 9609120 1.000000
9406005 9509125 1.000000
9406005 9609120 1.000000
9509125 9609120 1.000000
1154 9701005 1.000000
1154 9803233 1.000000
1154 9901015 1.000000
9701005 9803233 1.000000
9701005 9901015 1.000000
9803233 9901015 1.000000
9406123 9509138 1.000000
9312181 9407127 1.000000
9406210 9412211 1.000000
112046 112255 0.857143
1153 9506068 1.000000
1153 9609035 1.000000
1153 9611217 1.000000
1153 9710012 1.000000
1153 9811238 1.000000
9506068 9609035 1.000000
9506068 9611217 1.000000
9506068 9710012 1.000000
9506068 9811238 1.000000
9609035 9611217 1.000000
9609035 9710012 1.000000
9609035 9811238 1.000000
9611217 9710012 1.000000
9611217 9811238 1.000000
9710012 9811238 1.000000
9306154 9309043 1.000000
9303149 9505076 1.000000
9406062 9408062 1.000000
3266 10039 1.000000
3266 201208 1.000000
3266 209204 1.000000
3266 212309 1.000000
3266 9507149 1.000000
3266 9507154 1.000000
3266 9510230 1.000000
3266 9611087 1.000000
3266 9706012 1.000000
3266 9709117 1.000000
10039 201208 1.000000
10039 209204 1.000000
10039 212309 1.000000
10039 9507149 1.000000
10039 9507154 1.000000
10039 9510230 1.000000
10039 9611087 1.000000
10039 9706012 1.000000
10039 9709117 1.000000
201208 209204 1.000000
201208 212309 1.000000
201208 9507149 1.000000
201208 9507154 1.000000
201208 9510230 1.000000
201208 9611087 1.000000
201208 9706012 1.000000
201208 9709117 1.000000
209204 212309 1.000000
209204 9507149 1.000000
209204 9507154 1.000000
209204 9510230 1.000000
209204 9611087 1.000000
209204 9706012 1.000000
209204 9709117 1.000000
212309 9507149 1.000000
212309 9507154 1.000000
212309 9510230 1.000000
212309 9611087 1.000000
212309 9706012 1.000000
212309 9709117 1.000000
9507149 9507154 1.000000
9507149 9510230 1.000000
9507149 9611087 1.000000
9507149 9706012 1.000000
9507149 9709117 1.000000
9507154 9510230 1.000000
9507154 9611087 1.000000
9507154 9706012 1.000000
9507154 9709117 1.000000
9510230 9611087 1.000000
9510230 9706012 1.000000
9510230 9709117 1.000000
9611087 9706012 1.000000
9611087 9709117 1.000000
9706012 9709117 1.000000
9508120 9508122 1.000000
9508120 9508123 1.000000
9508120 9604106 1.000000
9508122 9508123 1.000000
9508122 9604106 1.000000
9508123 9604106 1.000000
9302006 9303133 1.000000
9207020 9208020 1.000000
9707255 9805100 1.000000
9502066 9504067 1.000000
9502066 9504130 1.000000
9504067 9504130 1.000000
9309033 9312031 0.800000
9310168 9406182 1.000000
9605060 9707178 1.000000
5274 212260 0.894737
9401107 9610147 1.000000
9701068 9708146 1.000000
9603046 9605041 1.000000
9807130 9807131 1.000000
9307060 9312147 1.000000
9307060 9401024 1.000000
9307060 9504097 1.000000
9312147 9401024 1.000000
9312147 9504097 1.000000
9401024 9504097 1.000000
9707101 9711004 1.000000
9311128 9412036 1.000000
1195 9810252 1.000000
9311109 9312170 1.000000
9311109 9409056 1.000000
9312170 9409056 1.000000
9306014 9401134 1.000000
9306014 9403082 1.000000
9401134 9403082 1.000000
9303031 9304162 1.000000
9807039 9807061 1.000000
9403165 9404144 1.000000
201065 9810232 1.000000
9311173 9403148 1.000000
9408051 9412175 1.000000
9304132 9305151 1.000000
9304132 9305152 1.000000
9304132 9312040 1.000000
9304132 9312093 1.000000
9304132 9405146 1.000000
9304132 9408042 1.000000
9304132 9409024 1.000000
9305151 9305152 1.000000
9305151 9312040 1.000000
9305151 9312093 1.000000
9305151 9405146 1.000000
9305151 9408042 1.000000
9305151 9409024 1.000000
9305152 9312040 1.000000
9305152 9312093 1.000000
9305152 9405146 1.000000
9305152 9408042 1.000000
9305152 9409024 1.000000
9312040 9312093 1.000000
9312040 9405146 1.000000
9312040 9408042 1.000000
9312040 9409024 1.000000
9312093 9405146 1.000000
9312093 9408042 1.000000
9312093 9409024 1.000000
9405146 9408042 1.000000
9405146 9409024 1.000000
9408042 9409024 1.000000
9611192 9906026 1.000000
9307136 9501139 1.000000
9307136 9811137 1.000000
9501139 9811137 1.000000
9402047 9402048 1.000000
9210032 9408012 1.000000
9909181 9910101 1.000000
9401097 9407028 1.000000
9710216 9712069 1.000000
9704212 9711066 1.000000
104179 108089 1.000000
104179 209096 1.000000
108089 209096 1.000000
9507087 9909042 1.000000
9209021 9210085 1.000000
9209021 9212085 1.000000
9209021 9212097 1.000000
9210085 9212085 1.000000
9210085 9212097 1.000000
9212085 9212097 1.000000
9609175 9711101 1.000000
9209085 9211097 1.000000
9204071 9209115 1.000000
9204071 9403196 1.000000
9209115 9403196 1.000000
9404024 9405166 1.000000
9404024 9411137 1.000000
9405166 9411137 1.000000
9403132 9410028 1.000000
9403132 9506117 1.000000
9410028 9506117 1.000000
9201047 9202046 1.000000
9201047 9202067 1.000000
9201047 9203025 1.000000
9201047 9203071 1.000000
9201047 9204012 1.000000
9201047 9204030 1.000000
9201047 9205029 1.000000
9201047 9205060 1.000000
9201047 9205094 1.000000
9201047 9206004 1.000000
9201047 9206083 1.000000
9201047 9209020 1.000000
9201047 9301079 1.000000
9201047 9309133 1.000000
9201047 9401069 1.000000
9201047 9402086 1.000000
9201047 9411222 1.000000
9202046 9202067 1.000000
9202046 9203025 1.000000
9202046 9203071 1.000000
9202046 9204012 1.000000
9202046 9204030 1.000000
9202046 9205029 1.000000
9202046 9205060 1.000000
9202046 9205094 1.000000
9202046 9206004 1.000000
9202046 9206083 1.000000
9202046 9209020 1.000000
9202046 9301079 1.000000
9202046 9309133 1.000000
9202046 9401069 1.000000
9202046 9402086 1.000000
9202046 9411222 1.000000
9202067 9203025 1.000000
9202067 9203071 1.000000
9202067 9204012 1.000000
9202067 9204030 1.000000
9202067 9205029 1.000000
9202067 9205060 1.000000
9202067 9205094 1.000000
9202067 9206004 1.000000
9202067 9206083 1.000000
9202067 9209020 1.000000
9202067 9301079 1.000000
9202067 9309133 1.000000
9202067 9401069 1.000000
9202067 9402086 1.000000
9202067 9411222 1.000000
9203025 9203071 1.000000
9203025 9204012 1.000000
9203025 9204030 1.000000
9203025 9205029 1.000000
9203025 9205060 1.000000
9203025 9205094 1.000000
9203025 9206004 1.000000
9203025 9206083 1.000000
9203025 9209020 1.000000
9203025 9301079 1.000000
9203025 9309133 1.000000
9203025 9401069 1.000000
9203025 9402086 1.000000
9203025 9411222 1.000000
9203071 9204012 1.000000
9203071 9204030 1.000000
9203071 9205029 1.000000
9203071 9205060 1.000000
9203071 9205094 1.000000
9203071 9206004 1.000000
9203071 9206083 1.000000
9203071 9209020 1.000000
9203071 9301079 1.000000
9203071 9309133 1.000000
9203071 9401069 1.000000
9203071 9402086 1.000000
9203071 9411222 1.000000
9204012 9204030 1.000000
9204012 9205029 1.000000
9204012 9205060 1.000000
9204012 9205094 1.000000
9204012 9206004 1.000000
9204012 9206083 1.000000
9204012 9209020 1.000000
9204012 9301079 1.000000
9204012 9309133 1.000000
9204012 9401069 1.000000
9204012 9402086 1.000000
9204012 9411222 1.000000
9204030 9205029 1.000000
9204030 9205060 1.000000
9204030 9205094 1.000000
9204030 9206004 1.000000
9204030 9206083 1.000000
9204030 9209020 1.000000
9204030 9301079 1.000000
9204030 9309133 1.000000
9204030 9401069 1.000000
9204030 9402086 1.000000
9204030 9411222 1.000000
9205029 9205060 1.000000
9205029 9205094 1.000000
9205029 9206004 1.000000
9205029 9206083 1.000000
9205029 9209020 1.000000
9205029 9301079 1.000000
9205029 9309133 1.000000
9205029 9401069 1.000000
9205029 9402086 1.000000
9205029 9411222 1.000000
9205060 9205094 1.000000
9205060 9206004 1.000000
9205060 9206083 1.000000
9205060 9209020 1.000000
9205060 9301079 1.000000
9205060 9309133 1.000000
9205060 9401069 1.000000
9205060 9402086 1.000000
9205060 9411222 1.000000
9205094 9206004 1.000000
9205094 9206083 1.000000
9205094 9209020 1.000000
9205094 9301079 1.000000
9205094 9309133 1.000000
9205094 9401069 1.000000
9205094 9402086 1.000000
9205094 9411222 1.000000
9206004 9206083 1.000000
9206004 9209020 1.000000
9206004 9301079 1.000000
9206004 9309133 1.000000
9206004 9401069 1.000000
9206004 9402086 1.000000
9206004 9411222 1.000000
9206083 9209020 1.000000
9206083 9301079 1.000000
9206083 9309133 1.000000
9206083 9401069 1.000000
9206083 9402086 1.000000
9206083 9411222 1.000000
9209020 9301079 1.000000
9209020 9309133 1.000000
9209020 9401069 1.000000
9209020 9402086 1.000000
9209020 9411222 1.000000
9301079 9309133 1.000000
9301079 9401069 1.000000
9301079 9402086 1.000000
9301079 9411222 1.000000
9309133 9401069 1.000000
9309133 9402086 1.000000
9309133 9411222 1.000000
9401069 9402086 1.000000
9401069 9411222 1.000000
9402086 9411222 1.000000
9211110 9301033 1.000000
109189 111223 1.000000
9710081 9802122 1.000000
9710081 9802131 1.000000
9710081 9806035 1.000000
9802122 9802131 1.000000
9802122 9806035 1.000000
9802131 9806035 1.000000
9212120 9304044 1.000000
9212120 9306070 1.000000
9304044 9306070 1.000000
5033 9178 1.000000
1015 9903220 1.000000
9503008 9612050 1.000000
9701135 9807211 1.000000
9607179 9704033 1.000000
9212103 9305169 1.000000
9212103 9312134 1.000000
9305169 9312134 1.000000
9208044 9209100 1.000000
9502088 9604191 1.000000
9207009 9207010 1.000000
9609045 9706056 1.000000
9503032 9602122 1.000000
9205006 9207028 1.000000
10139 12114 1.000000
9408028 9408075 1.000000
9408028 9605228 1.000000
9408075 9605228 1.000000
9208043 9209092 1.000000
9412186 9503058 1.000000
9412186 9802157 1.000000
9503058 9802157 1.000000
9410113 9606198 1.000000
1061 1191 1.000000
1061 107008 1.000000
1191 107008 1.000000
9209045 9209081 1.000000
9404158 9407085 1.000000
9605107 9901068 1.000000
9403025 9602133 1.000000
9507111 9512064 1.000000
9306109 9308129 1.000000
9510100 9802138 1.000000
9303077 9307089 1.000000
9303077 9310042 1.000000
9307089 9310042 1.000000
106222 9711068 1.000000
9906171 9907199 1.000000
11133 102059 1.000000
9207069 9301086 1.000000
9207069 9305131 1.000000
9301086 9305131 1.000000
9409038 9410031 1.000000
9307172 9309069 1.000000
9307172 9310008 1.000000
9307172 9310023 1.000000
9307172 9312122 1.000000
9307172 9401064 1.000000
9309069 9310008 1.000000
9309069 9310023 1.000000
9309069 9312122 1.000000
9309069 9401064 1.000000
9310008 9310023 1.000000
9310008 9312122 1.000000
9310008 9401064 1.000000
9310023 9312122 1.000000
9310023 9401064 1.000000
9312122 9401064 1.000000
9503233 9506111 1.000000
9503233 9603132 1.000000
9506111 9603132 1.000000
9211027 9212089 1.000000
9211027 9303040 1.000000
9212089 9303040 1.000000
9703226 9705177 1.000000
9408164 9412151 1.000000
9907019 9910041 0.837209
104063 9612123 1.000000
9504126 9505193 1.000000
9507095 9708150 1.000000
111202 112102 1.000000
303189 9306098 1.000000
303189 9308003 1.000000
303189 9601021 1.000000
9306098 9308003 1.000000
9306098 9601021 1.000000
9308003 9601021 1.000000
9303030 9304033 1.000000
9303030 9401090 1.000000
9304033 9401090 1.000000
9304038 9305059 1.000000
9304038 9305078 1.000000
9305059 9305078 1.000000
9411220 9609011 1.000000
104157 9302096 1.000000
9405190 9408050 1.000000
111291 208226 0.909091
9312067 9402059 1.000000
9312067 9406089 1.000000
9402059 9406089 1.000000
210271 9912212 0.923077
9801028 9902143 1.000000
9410161 9603022 1.000000
9610219 9810182 1.000000
9312161 9405092 1.000000
112060 201169 1.000000
112060 9701083 1.000000
201169 9701083 1.000000
9311085 9409005 1.000000
9402094 9410071 1.000000
9702029 9702124 1.000000
9702029 9703184 1.000000
9702124 9703184 1.000000
9310134 9401073 1.000000
9301065 9301081 1.000000
9404133 9503144 1.000000
9210090 9406063 1.000000
9302065 9408084 1.000000
201085 303038 1.000000
9607130 9802035 1.000000
9307087 9403092 1.000000
9603054 9609150 1.000000
9212091 9302129 1.000000
9212091 9411224 1.000000
9302129 9411224 1.000000
105021 9506035 1.000000
105021 9809205 1.000000
9506035 9809205 1.000000
9710091 9805130 1.000000
9510146 9603063 1.000000
9310107 9310182 1.000000
9310107 9411043 1.000000
9310182 9411043 1.000000
9508023 9511130 1.000000
10273 9308141 1.000000
9710076 9802184 1.000000
9703196 9712045 1.000000
9711070 9807108 1.000000
9710195 9710196 1.000000
9710195 9710197 1.000000
9710196 9710197 1.000000
9409030 9409031 1.000000
9409077 9506132 1.000000
110150 210176 1.000000
9303136 9406130 1.000000
9403031 9405028 1.000000
9412217 9508138 1.000000
9412217 9603171 1.000000
9508138 9603171 1.000000
302209 9407101 1.000000
11275 103017 1.000000
1052 106095 1.000000
9312158 9401096 1.000000
9607103 9607241 1.000000
9404148 9408073 1.000000
9404148 9503062 1.000000
9408073 9503062 1.000000
9402088 9511075 1.000000
9301108 9307071 1.000000
110296 111237 1.000000
5038 12001 1.000000
5038 108060 1.000000
12001 108060 1.000000
9402042 9402118 1.000000
9307043 9312201 1.000000
9504015 9603197 1.000000
9603005 9607042 1.000000
9603005 9612214 1.000000
9603005 9612226 1.000000
9607042 9612214 1.000000
9607042 9612226 1.000000
9612214 9612226 1.000000
12204 110163 1.000000
107122 109037 1.000000
10212 112171 1.000000
10212 204255 1.000000
112171 204255 1.000000
9305044 9312048 1.000000
9305044 9401037 1.000000
9305044 9404028 1.000000
9312048 9401037 1.000000
9312048 9404028 1.000000
9401037 9404028 1.000000
9510205 9812233 1.000000
9801103 9807118 1.000000
106186 110281 0.976190
11263 9609186 1.000000
9804090 9807094 1.000000
9404127 9410139 1.000000
9405115 9408109 1.000000
9210036 9301029 1.000000
9210036 9304043 1.000000
9210036 9310112 1.000000
9210036 9312003 1.000000
9301029 9304043 1.000000
9301029 9310112 1.000000
9301029 9312003 1.000000
9304043 9310112 1.000000
9304043 9312003 1.000000
9310112 9312003 1.000000
104233 9702146 1.000000
109174 9803001 1.000000
9808058 9901051 1.000000
9809150 9809151 1.000000
9702004 9705049 1.000000
9704020 9806219 1.000000
9505001 9602100 1.000000
9407116 9509029 1.000000
9409139 9409140 1.000000
9205103 9207084 1.000000
9205103 9208037 1.000000
9205103 9412105 1.000000
9207084 9208037 1.000000
9207084 9412105 1.000000
9208037 9412105 1.000000
9502027 9508102 1.000000
9502027 9611030 1.000000
9508102 9611030 1.000000
9404001 9405040 1.000000
9207073 9211119 1.000000
9207073 9302089 1.000000
9207073 9306099 1.000000
9207073 9311104 1.000000
9211119 9302089 1.000000
9211119 9306099 1.000000
9211119 9311104 1.000000
9302089 9306099 1.000000
9302089 9311104 1.000000
9306099 9311104 1.000000
7045 111252 1.000000
10087 11031 0.857143
9205024 9208011 1.000000
9205024 9211115 1.000000
9208011 9211115 1.000000
9606089 9610080 1.000000
9508082 9508088 1.000000
9705176 9802166 1.000000
9605076 9609199 1.000000
9611206 9801068 1.000000
9607116 9910078 1.000000
9200 9704150 1.000000
212243 303149 1.000000
9307151 9402119 1.000000
9501009 9501010 1.000000
103076 109142 1.000000
9602142 9602143 1.000000
9602142 9810166 1.000000
9602143 9810166 1.000000
2153 11199 1.000000
2153 9701156 1.000000
11199 9701156 1.000000
9401125 9410075 1.000000
111123 201097 0.857143
9410240 9411008 1.000000
9410240 9512037 1.000000
9410240 9706149 1.000000
9410240 9806097 1.000000
9411008 9512037 1.000000
9411008 9706149 1.000000
9411008 9806097 1.000000
9512037 9706149 1.000000
9512037 9806097 1.000000
9706149 9806097 1.000000
303258 304193 1.000000
3094 9902136 1.000000
3094 9909207 1.000000
9902136 9909207 1.000000
211202 211234 0.916667
9510102 9912014 1.000000
9303078 9504163 1.000000
6040 8229 1.000000
9605165 9608115 1.000000
211239 212180 1.000000
12242 109159 0.875000
9905017 9906178 1.000000
9907111 9912263 1.000000
9404130 9406038 1.000000
9507042 9507156 1.000000
9303076 9306088 1.000000
9303076 9309099 1.000000
9306088 9309099 1.000000
9608160 9707165 1.000000
9707234 9804094 0.800000
9304023 9401099 1.000000
9304023 9401136 1.000000
9401099 9401136 1.000000
9506003 9902185 1.000000
9311020 9408139 1.000000
11291 9404193 1.000000
9209117 9210006 1.000000
9209117 9212020 1.000000
9210006 9212020 1.000000
9311087 9401057 1.000000
9402096 9407188 1.000000
9402096 9408148 1.000000
9402096 9410064 1.000000
9407188 9408148 1.000000
9407188 9410064 1.000000
9408148 9410064 1.000000
101078 9908178 1.000000
9512142 9605035 1.000000
9212126 9301059 1.000000
9212126 9406167 1.000000
9301059 9406167 1.000000
9114 9910234 1.000000
9403033 9404029 1.000000
9403033 9408111 1.000000
9403033 9409045 1.000000
9404029 9408111 1.000000
9404029 9409045 1.000000
9408111 9409045 1.000000
211049 211146 0.909091
106033 210270 0.857143
9502092 9502117 1.000000
9505109 9602093 1.000000
9505109 9711064 1.000000
9602093 9711064 1.000000
204142 9602148 1.000000
204142 9606158 1.000000
204142 9707229 1.000000
9602148 9606158 1.000000
9602148 9707229 1.000000
9606158 9707229 1.000000
9702186 9709045 0.833333
9501124 9902144 1.000000
1115 9058 1.000000
1115 9801126 1.000000
1115 9902096 1.000000
9058 9801126 1.000000
9058 9902096 1.000000
9801126 9902096 1.000000
9902157 9902157 1.000000
9509063 9810061 1.000000
9604023 9703115 0.916667
9510160 9605014 1.000000
9510160 9610028 1.000000
9605014 9610028 1.000000
9711020 9711021 1.000000
302116 302124 0.833333
302116 303163 0.833333
9606095 9607177 0.857143
9804028 9806085 0.863636
204013 205186 0.952381
205186 205186 0.952381
