4099 65991
15429 70679
48134 70196
20483 50950
2915 3329
39773 66024
74591 60874
30681 58508
45651 49355
39671 33607
23518 16988
35832 70630
13351 30314
11593 45843
68010 26004
59723 63462
8347 66504
59141 47833
61700 70976
23783 55967
65658 63556
46992 65249
40783 69025
48757 2786
43381 4781
36394 58251
13121 72226
45233 26472
27540 56826
72315 11903
74182 48391
365 73881
39895 50858
46715 17948
46834 61850
73915 37492
50407 45907
19094 16190
31285 59203
10328 74666
63984 46722
49269 2105
43948 19502
19930 62841
1328 17245
74744 66863
56988 66461
65744 21884
42319 37459
31184 5505
24310 30099
42998 66069
67359 53444
73611 14996
37647 8939
6014 26632
47014 55283
20089 15962
74785 40019
70155 67465
48617 61251
59328 30605
52712 50073
43841 11383
3884 25
16889 19546
21477 51239
1967 5188
29683 66930
20184 67330
67222 17550
10314 39236
72833 21756
46550 72618
61775 41706
65083 26744
27957 49412
57350 72022
15837 17543
74757 11073
17569 16646
21972 30398
59237 23939
26938 13920
7222 38474
72603 74444
56024 74269
38680 53857
21025 1582
42827 74153
34640 32910
25897 62598
73674 74599
50972 5863
17143 50729
16937 26064
58728 38909
56462 42965
54200 74752
48238 61422
