5237 9537 1.000000
1400 3012 1.000000
24277 25876 1.000000
1331 1378 1.000000
17971 20614 1.000000
14578 14866 1.000000
14578 15549 1.000000
14866 15549 1.000000
10894 11265 1.000000
10894 11375 1.000000
10894 11376 1.000000
10894 12510 1.000000
10894 13303 1.000000
11265 11375 1.000000
11265 11376 1.000000
11265 12510 1.000000
11265 13303 1.000000
11375 11376 1.000000
11375 12510 1.000000
11375 13303 1.000000
11376 12510 1.000000
11376 13303 1.000000
12510 13303 1.000000
1063 2431 1.000000
1063 14689 1.000000
2431 14689 1.000000
25522 26997 1.000000
24705 26914 1.000000
12987 14934 1.000000
11516 14618 1.000000
15072 15985 1.000000
10682 10874 1.000000
10682 18362 1.000000
10874 18362 1.000000
21294 26930 1.000000
12144 12231 1.000000
13740 14833 1.000000
9662 9923 1.000000
19445 21118 1.000000
19445 25281 1.000000
21118 25281 1.000000
12968 14730 1.000000
12968 16495 1.000000
14730 16495 1.000000
22073 22074 1.000000
12315 15413 1.000000
12315 20889 1.000000
15413 20889 1.000000
11166 11704 1.000000
12827 14276 1.000000
25483 26788 1.000000
17896 18359 1.000000
13296 13612 1.000000
18156 21844 1.000000
18156 22656 1.000000
18156 26965 1.000000
21844 22656 1.000000
21844 26965 1.000000
22656 26965 1.000000
4259 6688 1.000000
11129 11455 1.000000
11129 12463 1.000000
11455 12463 1.000000
16286 16734 1.000000
11217 22502 1.000000
12622 13637 1.000000
20168 23990 1.000000
15095 15473 1.000000
17118 18468 1.000000
10903 11410 1.000000
11130 11776 1.000000
11764 13530 1.000000
14222 15491 1.000000
15546 16818 1.000000
23951 24664 1.000000
12812 14296 1.000000
12624 14337 1.000000
13667 13765 1.000000
18912 18913 1.000000
10428 10458 1.000000
10428 10730 1.000000
10458 10730 1.000000
12836 14231 1.000000
12836 14237 1.000000
14231 14237 1.000000
22990 23124 1.000000
12106 13003 1.000000
12236 12717 1.000000
39 1565 1.000000
14650 17349 1.000000
14650 17350 1.000000
17349 17350 1.000000
14424 16474 1.000000
4115 6620 1.000000
3374 3397 1.000000
10745 10875 1.000000
10745 10898 1.000000
10745 11106 1.000000
10875 10898 1.000000
10875 11106 1.000000
10898 11106 1.000000
16067 18932 1.000000
16067 21786 1.000000
16067 27746 1.000000
18932 21786 1.000000
18932 27746 1.000000
21786 27746 1.000000
8772 19884 1.000000
17712 20593 1.000000
11599 11979 1.000000
3153 8791 1.000000
3153 9243 1.000000
3153 27705 1.000000
8791 9243 1.000000
8791 27705 1.000000
9243 27705 1.000000
11290 11953 1.000000
11290 14743 1.000000
11953 14743 1.000000
6857 9247 1.000000
16179 17849 1.000000
13400 15251 1.000000
11658 11702 1.000000
12894 16219 1.000000
23602 25826 1.000000
17276 18408 1.000000
21789 22572 1.000000
19034 22465 1.000000
19504 21712 1.000000
18760 18925 1.000000
12165 13113 1.000000
429 27343 1.000000
14093 14557 1.000000
544 565 1.000000
2171 23167 1.000000
21635 22677 1.000000
21635 22678 1.000000
22677 22678 1.000000
11772 12290 1.000000
11772 14648 1.000000
12290 14648 1.000000
10907 11190 1.000000
15419 15502 1.000000
15419 15994 1.000000
15419 17244 1.000000
15419 17501 1.000000
15419 18402 1.000000
15419 19042 1.000000
15419 19334 1.000000
15419 19575 1.000000
15419 20479 1.000000
15419 24639 1.000000
15502 15994 1.000000
15502 17244 1.000000
15502 17501 1.000000
15502 18402 1.000000
15502 19042 1.000000
15502 19334 1.000000
15502 19575 1.000000
15502 20479 1.000000
15502 24639 1.000000
15994 17244 1.000000
15994 17501 1.000000
15994 18402 1.000000
15994 19042 1.000000
15994 19334 1.000000
15994 19575 1.000000
15994 20479 1.000000
15994 24639 1.000000
17244 17501 1.000000
17244 18402 1.000000
17244 19042 1.000000
17244 19334 1.000000
17244 19575 1.000000
17244 20479 1.000000
17244 24639 1.000000
17501 18402 1.000000
17501 19042 1.000000
17501 19334 1.000000
17501 19575 1.000000
17501 20479 1.000000
17501 24639 1.000000
18402 19042 1.000000
18402 19334 1.000000
18402 19575 1.000000
18402 20479 1.000000
18402 24639 1.000000
19042 19334 1.000000
19042 19575 1.000000
19042 20479 1.000000
19042 24639 1.000000
19334 19575 1.000000
19334 20479 1.000000
19334 24639 1.000000
19575 20479 1.000000
19575 24639 1.000000
20479 24639 1.000000
8327 9499 1.000000
3226 26212 1.000000
17934 18458 1.000000
17934 19404 1.000000
17934 20709 1.000000
18458 19404 1.000000
18458 20709 1.000000
19404 20709 1.000000
13657 23238 1.000000
11465 11512 1.000000
11465 24666 1.000000
11512 24666 1.000000
6654 25594 1.000000
5832 6735 1.000000
22882 24937 1.000000
13764 14717 1.000000
13764 16768 1.000000
14717 16768 1.000000
10534 10535 1.000000
10534 10594 1.000000
10534 10632 1.000000
10534 10687 1.000000
10535 10594 1.000000
10535 10632 1.000000
10535 10687 1.000000
10594 10632 1.000000
10594 10687 1.000000
10632 10687 1.000000
13955 14597 1.000000
17338 17340 1.000000
26955 27218 1.000000
12140 15001 1.000000
12140 15936 1.000000
15001 15936 1.000000
3376 16015 1.000000
13101 13631 1.000000
13101 15157 1.000000
13631 15157 1.000000
16365 16366 1.000000
12096 12199 1.000000
12096 12446 1.000000
12199 12446 1.000000
12370 12494 1.000000
12370 12495 1.000000
12370 12496 1.000000
12494 12495 1.000000
12494 12496 1.000000
12495 12496 1.000000
10935 11044 1.000000
16398 16399 1.000000
10638 11634 1.000000
16300 16301 1.000000
16300 25506 1.000000
16301 25506 1.000000
14145 14392 1.000000
1954 4641 1.000000
1954 5234 1.000000
4641 5234 1.000000
12653 12680 1.000000
13086 15579 1.000000
14854 15153 1.000000
14854 15316 1.000000
14854 22252 1.000000
15153 15316 1.000000
15153 22252 1.000000
15316 22252 1.000000
12941 13645 1.000000
14731 14748 1.000000
14731 14771 1.000000
14748 14771 1.000000
14166 15835 1.000000
11926 12032 1.000000
11926 12305 1.000000
11926 12309 1.000000
11926 12310 1.000000
11926 12364 1.000000
11926 12727 1.000000
11926 12770 1.000000
12032 12305 1.000000
12032 12309 1.000000
12032 12310 1.000000
12032 12364 1.000000
12032 12727 1.000000
12032 12770 1.000000
12305 12309 1.000000
12305 12310 1.000000
12305 12364 1.000000
12305 12727 1.000000
12305 12770 1.000000
12309 12310 1.000000
12309 12364 1.000000
12309 12727 1.000000
12309 12770 1.000000
12310 12364 1.000000
12310 12727 1.000000
12310 12770 1.000000
12364 12727 1.000000
12364 12770 1.000000
12727 12770 1.000000
10939 10948 1.000000
2469 3530 1.000000
19205 21252 1.000000
16795 18660 1.000000
16795 23742 1.000000
18660 23742 1.000000
15038 15039 1.000000
5036 5209 1.000000
26061 26342 1.000000
19186 19843 1.000000
19186 19991 1.000000
19843 19991 1.000000
13132 15090 1.000000
12050 13396 1.000000
12050 13621 1.000000
13396 13621 1.000000
22341 22343 1.000000
12291 12596 1.000000
11600 12143 1.000000
12926 14816 1.000000
11223 11584 1.000000
11223 11603 1.000000
11584 11603 1.000000
12709 13783 1.000000
22089 22281 0.888889
924 2558 1.000000
11544 11789 1.000000
16523 17065 1.000000
19408 23324 1.000000
6938 27199 1.000000
23591 25205 1.000000
11866 11961 1.000000
11866 12234 1.000000
11866 12286 1.000000
11866 12389 1.000000
11866 12867 1.000000
11866 13808 1.000000
11961 12234 1.000000
11961 12286 1.000000
11961 12389 1.000000
11961 12867 1.000000
11961 13808 1.000000
12234 12286 1.000000
12234 12389 1.000000
12234 12867 1.000000
12234 13808 1.000000
12286 12389 1.000000
12286 12867 1.000000
12286 13808 1.000000
12389 12867 1.000000
12389 13808 1.000000
12867 13808 1.000000
1616 8543 1.000000
6143 21723 1.000000
10827 10904 1.000000
10827 13047 1.000000
10904 13047 1.000000
14823 19264 1.000000
15376 26846 1.000000
11670 13059 1.000000
10944 11632 1.000000
10944 11950 1.000000
11632 11950 1.000000
14162 14521 1.000000
11275 14817 1.000000
11275 16413 1.000000
14817 16413 1.000000
14070 14363 1.000000
11020 12443 1.000000
18561 21391 1.000000
14158 20139 1.000000
3555 25327 1.000000
476 14420 1.000000
476 21365 1.000000
14420 21365 1.000000
23309 23310 1.000000
14848 14849 1.000000
19560 22754 1.000000
16746 16747 1.000000
11474 12648 1.000000
11043 11218 1.000000
11043 19135 1.000000
11218 19135 1.000000
12325 12414 1.000000
16065 16197 1.000000
16065 16558 1.000000
16065 16600 1.000000
16197 16558 1.000000
16197 16600 1.000000
16558 16600 1.000000
24193 26333 1.000000
15337 16344 1.000000
15337 19004 1.000000
16344 19004 1.000000
10806 12229 1.000000
24163 24209 0.909091
11334 12056 1.000000
11334 12575 1.000000
12056 12575 1.000000
12675 13170 1.000000
12675 13198 1.000000
13170 13198 1.000000
9164 9324 0.882353
9164 9912 0.882353
9324 9912 1.000000
14541 21182 1.000000
11233 12873 1.000000
11828 13589 1.000000
17518 19412 1.000000
14746 16947 1.000000
12422 12482 1.000000
12422 13009 1.000000
12422 13216 1.000000
12482 13009 1.000000
12482 13216 1.000000
13009 13216 1.000000
11424 12022 1.000000
11284 11941 1.000000
11284 13209 1.000000
11284 20553 1.000000
11941 13209 1.000000
11941 20553 1.000000
13209 20553 1.000000
10367 10371 1.000000
10367 10488 1.000000
10371 10488 1.000000
20209 20220 1.000000
12160 15144 1.000000
12880 13081 1.000000
12880 14074 1.000000
12880 14397 1.000000
12880 14949 1.000000
13081 14074 1.000000
13081 14397 1.000000
13081 14949 1.000000
14074 14397 1.000000
14074 14949 1.000000
14397 14949 1.000000
14286 14930 1.000000
14286 20096 1.000000
14930 20096 1.000000
16936 17254 1.000000
14418 24430 1.000000
14418 24562 1.000000
24430 24562 1.000000
12150 13162 1.000000
12150 13290 1.000000
12150 16864 1.000000
13162 13290 1.000000
13162 16864 1.000000
13290 16864 1.000000
10986 11251 1.000000
10986 11916 1.000000
11251 11916 1.000000
12592 12832 1.000000
12592 14795 1.000000
12592 20028 1.000000
12832 14795 1.000000
12832 20028 1.000000
14795 20028 1.000000
13642 14920 1.000000
13566 14177 1.000000
13566 14399 1.000000
13566 18647 1.000000
14177 14399 1.000000
14177 18647 1.000000
14399 18647 1.000000
12281 13000 1.000000
12281 13805 1.000000
13000 13805 1.000000
22739 25099 1.000000
22739 25715 1.000000
25099 25715 1.000000
16735 17432 1.000000
11816 12125 1.000000
5155 13798 1.000000
5155 16212 1.000000
13798 16212 1.000000
13276 13594 1.000000
13276 13737 1.000000
13276 13738 1.000000
13594 13737 1.000000
13594 13738 1.000000
13737 13738 1.000000
4797 25270 1.000000
2564 12859 1.000000
2564 13684 1.000000
2564 13751 1.000000
2564 13915 1.000000
2564 14747 1.000000
2564 14890 1.000000
2564 15628 1.000000
2564 17352 1.000000
12859 13684 1.000000
12859 13751 1.000000
12859 13915 1.000000
12859 14747 1.000000
12859 14890 1.000000
12859 15628 1.000000
12859 17352 1.000000
13684 13751 1.000000
13684 13915 1.000000
13684 14747 1.000000
13684 14890 1.000000
13684 15628 1.000000
13684 17352 1.000000
13751 13915 1.000000
13751 14747 1.000000
13751 14890 1.000000
13751 15628 1.000000
13751 17352 1.000000
13915 14747 1.000000
13915 14890 1.000000
13915 15628 1.000000
13915 17352 1.000000
14747 14890 1.000000
14747 15628 1.000000
14747 17352 1.000000
14890 15628 1.000000
14890 17352 1.000000
15628 17352 1.000000
10720 11128 1.000000
10720 12722 1.000000
10720 12817 1.000000
10720 13819 1.000000
10720 20764 1.000000
11128 12722 1.000000
11128 12817 1.000000
11128 13819 1.000000
11128 20764 1.000000
12722 12817 1.000000
12722 13819 1.000000
12722 20764 1.000000
12817 13819 1.000000
12817 20764 1.000000
13819 20764 1.000000
15856 26747 1.000000
3693 5488 1.000000
14155 14339 1.000000
14155 16075 1.000000
14339 16075 1.000000
11509 11515 1.000000
19147 19313 1.000000
19613 21038 0.956522
10958 12216 1.000000
12390 16534 1.000000
6935 8999 0.888889
24846 27234 1.000000
17752 24578 1.000000
11389 11511 1.000000
23958 23972 1.000000
12913 13039 1.000000
14278 14802 1.000000
13323 14244 1.000000
16592 18487 1.000000
21917 24496 1.000000
17653 17654 1.000000
11550 12448 1.000000
16603 19574 1.000000
11505 11724 1.000000
11875 12455 1.000000
15238 16448 1.000000
18020 19491 1.000000
18020 24821 1.000000
19491 24821 1.000000
26108 26992 1.000000
4257 24262 1.000000
10726 10738 1.000000
10726 10752 1.000000
10726 10769 1.000000
10726 10805 1.000000
10726 10840 1.000000
10726 11113 1.000000
10726 11248 1.000000
10726 11526 1.000000
10726 12011 1.000000
10726 13361 1.000000
10738 10752 1.000000
10738 10769 1.000000
10738 10805 1.000000
10738 10840 1.000000
10738 11113 1.000000
10738 11248 1.000000
10738 11526 1.000000
10738 12011 1.000000
10738 13361 1.000000
10752 10769 1.000000
10752 10805 1.000000
10752 10840 1.000000
10752 11113 1.000000
10752 11248 1.000000
10752 11526 1.000000
10752 12011 1.000000
10752 13361 1.000000
10769 10805 1.000000
10769 10840 1.000000
10769 11113 1.000000
10769 11248 1.000000
10769 11526 1.000000
10769 12011 1.000000
10769 13361 1.000000
10805 10840 1.000000
10805 11113 1.000000
10805 11248 1.000000
10805 11526 1.000000
10805 12011 1.000000
10805 13361 1.000000
10840 11113 1.000000
10840 11248 1.000000
10840 11526 1.000000
10840 12011 1.000000
10840 13361 1.000000
11113 11248 1.000000
11113 11526 1.000000
11113 12011 1.000000
11113 13361 1.000000
11248 11526 1.000000
11248 12011 1.000000
11248 13361 1.000000
11526 12011 1.000000
11526 13361 1.000000
12011 13361 1.000000
5187 6942 0.950000
210 17290 1.000000
210 18880 1.000000
17290 18880 1.000000
2500 23906 1.000000
22647 26644 1.000000
2407 2507 1.000000
2407 23656 1.000000
2507 23656 1.000000
13485 16323 1.000000
12579 12872 1.000000
14219 15681 1.000000
11784 12149 1.000000
11784 12375 1.000000
11784 14265 1.000000
12149 12375 1.000000
12149 14265 1.000000
12375 14265 1.000000
13082 13167 1.000000
13082 20101 1.000000
13167 20101 1.000000
18319 18323 1.000000
18319 19259 1.000000
18323 19259 1.000000
13080 14061 1.000000
10978 11144 1.000000
10978 12951 1.000000
11144 12951 1.000000
10906 10934 1.000000
13348 25157 1.000000
23055 23735 1.000000
18105 18136 1.000000
10723 10808 1.000000
24127 24423 1.000000
14667 15049 1.000000
25445 25999 1.000000
9785 16200 1.000000
17566 26761 1.000000
14135 14819 1.000000
12023 12264 1.000000
12023 12410 1.000000
12023 12594 1.000000
12023 13020 1.000000
12023 14756 1.000000
12023 16113 1.000000
12023 16216 1.000000
12264 12410 1.000000
12264 12594 1.000000
12264 13020 1.000000
12264 14756 1.000000
12264 16113 1.000000
12264 16216 1.000000
12410 12594 1.000000
12410 13020 1.000000
12410 14756 1.000000
12410 16113 1.000000
12410 16216 1.000000
12594 13020 1.000000
12594 14756 1.000000
12594 16113 1.000000
12594 16216 1.000000
13020 14756 1.000000
13020 16113 1.000000
13020 16216 1.000000
14756 16113 1.000000
14756 16216 1.000000
16113 16216 1.000000
10853 11874 1.000000
13465 14846 1.000000
16613 21773 1.000000
3965 16866 1.000000
11840 12009 1.000000
11840 12053 1.000000
11840 16918 1.000000
12009 12053 1.000000
12009 16918 1.000000
12053 16918 1.000000
23743 27000 1.000000
19440 23905 1.000000
15110 21744 1.000000
13874 13938 1.000000
10661 10748 1.000000
10661 10926 1.000000
10661 11092 1.000000
10661 11313 1.000000
10661 11770 1.000000
10661 11824 1.000000
10748 10926 1.000000
10748 11092 1.000000
10748 11313 1.000000
10748 11770 1.000000
10748 11824 1.000000
10926 11092 1.000000
10926 11313 1.000000
10926 11770 1.000000
10926 11824 1.000000
11092 11313 1.000000
11092 11770 1.000000
11092 11824 1.000000
11313 11770 1.000000
11313 11824 1.000000
11770 11824 1.000000
19822 27230 1.000000
7902 8388 1.000000
10908 14456 1.000000
10908 15898 1.000000
10908 16210 1.000000
10908 20871 1.000000
10908 23197 1.000000
10908 24476 1.000000
10908 25250 1.000000
14456 15898 1.000000
14456 16210 1.000000
14456 20871 1.000000
14456 23197 1.000000
14456 24476 1.000000
14456 25250 1.000000
15898 16210 1.000000
15898 20871 1.000000
15898 23197 1.000000
15898 24476 1.000000
15898 25250 1.000000
16210 20871 1.000000
16210 23197 1.000000
16210 24476 1.000000
16210 25250 1.000000
20871 23197 1.000000
20871 24476 1.000000
20871 25250 1.000000
23197 24476 1.000000
23197 25250 1.000000
24476 25250 1.000000
14377 14539 1.000000
8680 20835 1.000000
8680 21117 1.000000
20835 21117 1.000000
11354 12007 1.000000
11354 12080 1.000000
11354 12324 1.000000
11354 12885 1.000000
11354 13051 1.000000
12007 12080 1.000000
12007 12324 1.000000
12007 12885 1.000000
12007 13051 1.000000
12080 12324 1.000000
12080 12885 1.000000
12080 13051 1.000000
12324 12885 1.000000
12324 13051 1.000000
12885 13051 1.000000
9131 10200 1.000000
13221 14161 1.000000
12721 16765 1.000000
17570 19709 1.000000
15818 19748 1.000000
15818 20069 1.000000
19748 20069 1.000000
6601 8666 1.000000
3375 6249 0.961538
21352 27258 1.000000
12631 12735 1.000000
12631 13072 1.000000
12735 13072 1.000000
15082 15387 1.000000
137 15012 1.000000
137 15179 1.000000
15012 15179 1.000000
10829 10924 1.000000
10841 12840 1.000000
15581 15582 1.000000
15581 16454 1.000000
15581 18473 1.000000
15582 16454 1.000000
15582 18473 1.000000
16454 18473 1.000000
10679 12759 1.000000
4155 5103 1.000000
12994 16152 1.000000
12994 21650 1.000000
16152 21650 1.000000
15940 16211 1.000000
12079 12104 1.000000
2567 19648 1.000000
10648 11103 1.000000
10648 11247 1.000000
10648 11403 1.000000
10648 13017 1.000000
11103 11247 1.000000
11103 11403 1.000000
11103 13017 1.000000
11247 11403 1.000000
11247 13017 1.000000
11403 13017 1.000000
11556 12113 1.000000
812 1892 1.000000
812 6656 1.000000
1892 6656 1.000000
18556 21544 1.000000
11933 12371 1.000000
12092 12503 1.000000
12092 13427 1.000000
12503 13427 1.000000
2658 3758 1.000000
11319 11631 1.000000
13139 13586 1.000000
13139 14214 1.000000
13586 14214 1.000000
15842 16387 0.833333
10980 11027 1.000000
10980 11036 1.000000
10980 11211 1.000000
10980 11227 1.000000
10980 12407 1.000000
10980 12943 1.000000
10980 13148 1.000000
10980 14739 1.000000
11027 11036 1.000000
11027 11211 1.000000
11027 11227 1.000000
11027 12407 1.000000
11027 12943 1.000000
11027 13148 1.000000
11027 14739 1.000000
11036 11211 1.000000
11036 11227 1.000000
11036 12407 1.000000
11036 12943 1.000000
11036 13148 1.000000
11036 14739 1.000000
11211 11227 1.000000
11211 12407 1.000000
11211 12943 1.000000
11211 13148 1.000000
11211 14739 1.000000
11227 12407 1.000000
11227 12943 1.000000
11227 13148 1.000000
11227 14739 1.000000
12407 12943 1.000000
12407 13148 1.000000
12407 14739 1.000000
12943 13148 1.000000
12943 14739 1.000000
13148 14739 1.000000
2584 4688 1.000000
9420 18845 1.000000
11552 11696 1.000000
11647 11649 1.000000
19634 26632 1.000000
20208 21119 1.000000
27699 27768 1.000000
14862 14995 1.000000
14862 15018 1.000000
14995 15018 1.000000
13891 14277 1.000000
13891 15155 1.000000
14277 15155 1.000000
11606 14067 1.000000
12105 12590 1.000000
19040 19041 1.000000
10014 24977 1.000000
12512 12637 1.000000
15968 16733 1.000000
3735 11582 1.000000
3735 15043 1.000000
3735 18010 1.000000
11582 15043 1.000000
11582 18010 1.000000
15043 18010 1.000000
823 3593 1.000000
1124 22388 1.000000
22759 24644 1.000000
24687 27397 1.000000
13127 13440 1.000000
13127 13519 1.000000
13127 13520 1.000000
13127 13964 1.000000
13127 24126 1.000000
13440 13519 1.000000
13440 13520 1.000000
13440 13964 1.000000
13440 24126 1.000000
13519 13520 1.000000
13519 13964 1.000000
13519 24126 1.000000
13520 13964 1.000000
13520 24126 1.000000
13964 24126 1.000000
11623 11697 1.000000
11623 11719 1.000000
11623 11931 1.000000
11623 12176 1.000000
11623 13156 1.000000
11623 13386 1.000000
11623 13956 1.000000
11697 11719 1.000000
11697 11931 1.000000
11697 12176 1.000000
11697 13156 1.000000
11697 13386 1.000000
11697 13956 1.000000
11719 11931 1.000000
11719 12176 1.000000
11719 13156 1.000000
11719 13386 1.000000
11719 13956 1.000000
11931 12176 1.000000
11931 13156 1.000000
11931 13386 1.000000
11931 13956 1.000000
12176 13156 1.000000
12176 13386 1.000000
12176 13956 1.000000
13156 13386 1.000000
13156 13956 1.000000
13386 13956 1.000000
12786 13007 1.000000
12786 13432 1.000000
13007 13432 1.000000
11830 11920 1.000000
11830 12638 1.000000
11830 13172 1.000000
11830 13383 1.000000
11830 13387 1.000000
11830 13563 1.000000
11830 14186 1.000000
11920 12638 1.000000
11920 13172 1.000000
11920 13383 1.000000
11920 13387 1.000000
11920 13563 1.000000
11920 14186 1.000000
12638 13172 1.000000
12638 13383 1.000000
12638 13387 1.000000
12638 13563 1.000000
12638 14186 1.000000
13172 13383 1.000000
13172 13387 1.000000
13172 13563 1.000000
13172 14186 1.000000
13383 13387 1.000000
13383 13563 1.000000
13383 14186 1.000000
13387 13563 1.000000
13387 14186 1.000000
13563 14186 1.000000
11108 11109 1.000000
18849 21646 1.000000
11131 11848 1.000000
11131 11930 1.000000
11131 12082 1.000000
11131 12085 1.000000
11131 13494 1.000000
11131 13495 1.000000
11131 14768 1.000000
11848 11930 1.000000
11848 12082 1.000000
11848 12085 1.000000
11848 13494 1.000000
11848 13495 1.000000
11848 14768 1.000000
11930 12082 1.000000
11930 12085 1.000000
11930 13494 1.000000
11930 13495 1.000000
11930 14768 1.000000
12082 12085 1.000000
12082 13494 1.000000
12082 13495 1.000000
12082 14768 1.000000
12085 13494 1.000000
12085 13495 1.000000
12085 14768 1.000000
13494 13495 1.000000
13494 14768 1.000000
13495 14768 1.000000
17379 19208 1.000000
11607 13041 1.000000
11607 19695 1.000000
13041 19695 1.000000
2606 3011 1.000000
12928 15112 1.000000
18076 19184 1.000000
13012 13015 1.000000
13012 13242 1.000000
13015 13242 1.000000
15402 24675 1.000000
17120 17176 1.000000
17120 18774 1.000000
17176 18774 1.000000
1442 27324 0.916667
12692 12986 1.000000
12692 14215 1.000000
12692 14384 1.000000
12986 14215 1.000000
12986 14384 1.000000
14215 14384 1.000000
11557 11732 1.000000
24653 26042 1.000000
13194 13292 1.000000
13328 13609 1.000000
13328 15908 1.000000
13328 16967 1.000000
13328 17716 1.000000
13609 15908 1.000000
13609 16967 1.000000
13609 17716 1.000000
15908 16967 1.000000
15908 17716 1.000000
16967 17716 1.000000
478 22877 1.000000
13453 13741 1.000000
16817 18576 1.000000
16817 18577 1.000000
16817 20143 1.000000
18576 18577 1.000000
18576 20143 1.000000
18577 20143 1.000000
11406 11663 1.000000
11406 11664 1.000000
11663 11664 1.000000
11507 12175 1.000000
15752 15753 1.000000
15752 15754 1.000000
15753 15754 1.000000
1271 2033 1.000000
13232 13413 1.000000
13232 14489 1.000000
13413 14489 1.000000
16190 16577 1.000000
13830 27308 1.000000
2635 3401 1.000000
2635 19131 1.000000
3401 19131 1.000000
14299 14389 1.000000
14299 14907 1.000000
14389 14907 1.000000
19757 21161 1.000000
26724 26773 1.000000
13626 13629 1.000000
21670 21687 1.000000
20062 26501 1.000000
12255 12297 0.857143
3918 17235 1.000000
11752 23180 1.000000
16945 16946 1.000000
16736 17239 1.000000
12578 12838 1.000000
15421 16939 1.000000
21940 22640 1.000000
10719 10736 1.000000
11739 12171 1.000000
11739 16107 1.000000
12171 16107 1.000000
13928 14261 1.000000
20137 27729 1.000000
11862 11917 1.000000
16754 16755 1.000000
15035 25921 1.000000
12148 26520 1.000000
15980 20273 1.000000
1241 26902 1.000000
16382 16478 1.000000
11061 12854 1.000000
11061 13331 1.000000
11061 14173 1.000000
12854 13331 1.000000
12854 14173 1.000000
13331 14173 1.000000
452 24564 0.923077
18881 21847 1.000000
12366 14118 1.000000
14836 16036 1.000000
14836 16087 1.000000
14836 17678 1.000000
14836 19316 1.000000
14836 21394 1.000000
14836 26445 1.000000
14836 26921 1.000000
16036 16087 1.000000
16036 17678 1.000000
16036 19316 1.000000
16036 21394 1.000000
16036 26445 1.000000
16036 26921 1.000000
16087 17678 1.000000
16087 19316 1.000000
16087 21394 1.000000
16087 26445 1.000000
16087 26921 1.000000
17678 19316 1.000000
17678 21394 1.000000
17678 26445 1.000000
17678 26921 1.000000
19316 21394 1.000000
19316 26445 1.000000
19316 26921 1.000000
21394 26445 1.000000
21394 26921 1.000000
26445 26921 1.000000
20234 24799 1.000000
4807 6080 1.000000
4807 6948 1.000000
6080 6948 1.000000
8034 8397 1.000000
8034 9698 1.000000
8397 9698 1.000000
6604 25840 1.000000
6604 25841 1.000000
25840 25841 1.000000
20366 21855 1.000000
13578 14826 1.000000
12947 13249 1.000000
12947 13304 1.000000
12947 14395 1.000000
12947 14401 1.000000
13249 13304 1.000000
13249 14395 1.000000
13249 14401 1.000000
13304 14395 1.000000
13304 14401 1.000000
14395 14401 1.000000
14986 15000 1.000000
6369 14976 1.000000
6369 15333 1.000000
6369 16097 1.000000
6369 20942 1.000000
14976 15333 1.000000
14976 16097 1.000000
14976 20942 1.000000
15333 16097 1.000000
15333 20942 1.000000
16097 20942 1.000000
23129 27031 1.000000
11408 12306 1.000000
10776 10873 1.000000
6263 15622 1.000000
15527 17730 1.000000
23231 25069 1.000000
16560 19225 0.863636
3335 6463 1.000000
10918 11102 1.000000
10918 11711 1.000000
10918 11973 1.000000
10918 16312 1.000000
11102 11711 1.000000
11102 11973 1.000000
11102 16312 1.000000
11711 11973 1.000000
11711 16312 1.000000
11973 16312 1.000000
10728 10871 1.000000
11558 13339 1.000000
17581 17582 1.000000
8566 11543 1.000000
8566 12083 1.000000
8566 13254 1.000000
8566 13267 1.000000
8566 13321 1.000000
8566 13907 1.000000
8566 16664 1.000000
8566 19008 1.000000
11543 12083 1.000000
11543 13254 1.000000
11543 13267 1.000000
11543 13321 1.000000
11543 13907 1.000000
11543 16664 1.000000
11543 19008 1.000000
12083 13254 1.000000
12083 13267 1.000000
12083 13321 1.000000
12083 13907 1.000000
12083 16664 1.000000
12083 19008 1.000000
13254 13267 1.000000
13254 13321 1.000000
13254 13907 1.000000
13254 16664 1.000000
13254 19008 1.000000
13267 13321 1.000000
13267 13907 1.000000
13267 16664 1.000000
13267 19008 1.000000
13321 13907 1.000000
13321 16664 1.000000
13321 19008 1.000000
13907 16664 1.000000
13907 19008 1.000000
16664 19008 1.000000
144 19830 1.000000
144 23023 1.000000
144 25065 1.000000
19830 23023 1.000000
19830 25065 1.000000
23023 25065 1.000000
14002 16677 1.000000
13097 14197 1.000000
14080 15182 1.000000
5892 6092 0.857143
143 16103 1.000000
143 18931 1.000000
143 19565 1.000000
143 21728 1.000000
143 24787 1.000000
16103 18931 1.000000
16103 19565 1.000000
16103 21728 1.000000
16103 24787 1.000000
18931 19565 1.000000
18931 21728 1.000000
18931 24787 1.000000
19565 21728 1.000000
19565 24787 1.000000
21728 24787 1.000000
12192 12528 1.000000
11751 15933 1.000000
13953 14317 1.000000
725 2242 1.000000
725 6303 1.000000
725 8335 1.000000
725 9269 1.000000
725 16367 1.000000
725 16372 1.000000
725 16927 1.000000
725 19436 1.000000
725 20874 1.000000
725 21612 1.000000
2242 6303 1.000000
2242 8335 1.000000
2242 9269 1.000000
2242 16367 1.000000
2242 16372 1.000000
2242 16927 1.000000
2242 19436 1.000000
2242 20874 1.000000
2242 21612 1.000000
6303 8335 1.000000
6303 9269 1.000000
6303 16367 1.000000
6303 16372 1.000000
6303 16927 1.000000
6303 19436 1.000000
6303 20874 1.000000
6303 21612 1.000000
8335 9269 1.000000
8335 16367 1.000000
8335 16372 1.000000
8335 16927 1.000000
8335 19436 1.000000
8335 20874 1.000000
8335 21612 1.000000
9269 16367 1.000000
9269 16372 1.000000
9269 16927 1.000000
9269 19436 1.000000
9269 20874 1.000000
9269 21612 1.000000
16367 16372 1.000000
16367 16927 1.000000
16367 19436 1.000000
16367 20874 1.000000
16367 21612 1.000000
16372 16927 1.000000
16372 19436 1.000000
16372 20874 1.000000
16372 21612 1.000000
16927 19436 1.000000
16927 20874 1.000000
16927 21612 1.000000
19436 20874 1.000000
19436 21612 1.000000
20874 21612 1.000000
16499 16501 1.000000
16499 16502 1.000000
16499 17988 1.000000
16501 16502 1.000000
16501 17988 1.000000
16502 17988 1.000000
11522 11737 1.000000
10793 10893 1.000000
21327 23347 1.000000
15400 15773 1.000000
15400 15831 1.000000
15773 15831 1.000000
12519 12981 0.800000
12778 14055 1.000000
18139 21255 1.000000
1226 9224 0.894737
13213 19253 1.000000
19889 21475 1.000000
17740 18120 1.000000
23827 23828 1.000000
12250 13068 1.000000
12250 13142 1.000000
12250 15800 1.000000
13068 13142 1.000000
13068 15800 1.000000
13142 15800 1.000000
21180 21959 1.000000
12912 15021 1.000000
185 24556 1.000000
12896 13087 1.000000
12896 14460 1.000000
13087 14460 1.000000
12073 13236 1.000000
12073 13467 1.000000
13236 13467 1.000000
11656 11911 1.000000
23738 23760 1.000000
13538 13689 1.000000
6164 24537 1.000000
12944 13522 1.000000
14308 15147 1.000000
11887 12036 1.000000
11887 12037 1.000000
11887 12988 1.000000
11887 13027 1.000000
11887 13856 1.000000
11887 14300 1.000000
11887 14437 1.000000
12036 12037 1.000000
12036 12988 1.000000
12036 13027 1.000000
12036 13856 1.000000
12036 14300 1.000000
12036 14437 1.000000
12037 12988 1.000000
12037 13027 1.000000
12037 13856 1.000000
12037 14300 1.000000
12037 14437 1.000000
12988 13027 1.000000
12988 13856 1.000000
12988 14300 1.000000
12988 14437 1.000000
13027 13856 1.000000
13027 14300 1.000000
13027 14437 1.000000
13856 14300 1.000000
13856 14437 1.000000
14300 14437 1.000000
19540 26130 1.000000
12313 15335 1.000000
12313 24689 1.000000
15335 24689 1.000000
13305 13306 1.000000
11072 14274 1.000000
26942 27086 1.000000
13203 14112 1.000000
21922 22224 1.000000
20625 22021 1.000000
3902 4919 1.000000
3902 8231 1.000000
4919 8231 1.000000
16310 26805 1.000000
10968 11112 1.000000
10968 11347 1.000000
10968 11357 1.000000
11112 11347 1.000000
11112 11357 1.000000
11347 11357 1.000000
19057 22056 1.000000
11021 11250 1.000000
10550 11039 1.000000
10550 13564 1.000000
11039 13564 1.000000
13587 13872 1.000000
13587 14899 1.000000
13872 14899 1.000000
13508 14602 1.000000
13508 16149 1.000000
14602 16149 1.000000
10324 10388 1.000000
10324 10405 1.000000
10324 10442 1.000000
10324 10481 1.000000
10324 10500 1.000000
10324 10515 1.000000
10324 10602 1.000000
10324 10628 1.000000
10324 10656 1.000000
10324 10680 1.000000
10324 10749 1.000000
10324 10967 1.000000
10324 11469 1.000000
10324 12607 1.000000
10324 13179 1.000000
10324 13342 1.000000
10324 14972 1.000000
10388 10405 1.000000
10388 10442 1.000000
10388 10481 1.000000
10388 10500 1.000000
10388 10515 1.000000
10388 10602 1.000000
10388 10628 1.000000
10388 10656 1.000000
10388 10680 1.000000
10388 10749 1.000000
10388 10967 1.000000
10388 11469 1.000000
10388 12607 1.000000
10388 13179 1.000000
10388 13342 1.000000
10388 14972 1.000000
10405 10442 1.000000
10405 10481 1.000000
10405 10500 1.000000
10405 10515 1.000000
10405 10602 1.000000
10405 10628 1.000000
10405 10656 1.000000
10405 10680 1.000000
10405 10749 1.000000
10405 10967 1.000000
10405 11469 1.000000
10405 12607 1.000000
10405 13179 1.000000
10405 13342 1.000000
10405 14972 1.000000
10442 10481 1.000000
10442 10500 1.000000
10442 10515 1.000000
10442 10602 1.000000
10442 10628 1.000000
10442 10656 1.000000
10442 10680 1.000000
10442 10749 1.000000
10442 10967 1.000000
10442 11469 1.000000
10442 12607 1.000000
10442 13179 1.000000
10442 13342 1.000000
10442 14972 1.000000
10481 10500 1.000000
10481 10515 1.000000
10481 10602 1.000000
10481 10628 1.000000
10481 10656 1.000000
10481 10680 1.000000
10481 10749 1.000000
10481 10967 1.000000
10481 11469 1.000000
10481 12607 1.000000
10481 13179 1.000000
10481 13342 1.000000
10481 14972 1.000000
10500 10515 1.000000
10500 10602 1.000000
10500 10628 1.000000
10500 10656 1.000000
10500 10680 1.000000
10500 10749 1.000000
10500 10967 1.000000
10500 11469 1.000000
10500 12607 1.000000
10500 13179 1.000000
10500 13342 1.000000
10500 14972 1.000000
10515 10602 1.000000
10515 10628 1.000000
10515 10656 1.000000
10515 10680 1.000000
10515 10749 1.000000
10515 10967 1.000000
10515 11469 1.000000
10515 12607 1.000000
10515 13179 1.000000
10515 13342 1.000000
10515 14972 1.000000
10602 10628 1.000000
10602 10656 1.000000
10602 10680 1.000000
10602 10749 1.000000
10602 10967 1.000000
10602 11469 1.000000
10602 12607 1.000000
10602 13179 1.000000
10602 13342 1.000000
10602 14972 1.000000
10628 10656 1.000000
10628 10680 1.000000
10628 10749 1.000000
10628 10967 1.000000
10628 11469 1.000000
10628 12607 1.000000
10628 13179 1.000000
10628 13342 1.000000
10628 14972 1.000000
10656 10680 1.000000
10656 10749 1.000000
10656 10967 1.000000
10656 11469 1.000000
10656 12607 1.000000
10656 13179 1.000000
10656 13342 1.000000
10656 14972 1.000000
10680 10749 1.000000
10680 10967 1.000000
10680 11469 1.000000
10680 12607 1.000000
10680 13179 1.000000
10680 13342 1.000000
10680 14972 1.000000
10749 10967 1.000000
10749 11469 1.000000
10749 12607 1.000000
10749 13179 1.000000
10749 13342 1.000000
10749 14972 1.000000
10967 11469 1.000000
10967 12607 1.000000
10967 13179 1.000000
10967 13342 1.000000
10967 14972 1.000000
11469 12607 1.000000
11469 13179 1.000000
11469 13342 1.000000
11469 14972 1.000000
12607 13179 1.000000
12607 13342 1.000000
12607 14972 1.000000
13179 13342 1.000000
13179 14972 1.000000
13342 14972 1.000000
11261 11430 1.000000
5252 5787 1.000000
21795 22721 1.000000
21795 22728 1.000000
21795 23494 1.000000
22721 22728 1.000000
22721 23494 1.000000
22728 23494 1.000000
11373 11815 1.000000
11373 12121 1.000000
11815 12121 1.000000
990 2131 1.000000
14 25626 1.000000
15498 19628 1.000000
19953 23902 1.000000
18653 20452 1.000000
11362 12048 1.000000
11362 13057 1.000000
12048 13057 1.000000
10916 11028 1.000000
15422 18070 1.000000
10782 10783 1.000000
18940 20915 1.000000
15521 17646 1.000000
10582 10800 1.000000
2339 2882 1.000000
14287 14329 1.000000
14287 18293 1.000000
14329 18293 1.000000
10915 11024 1.000000
15158 15544 1.000000
15158 22750 1.000000
15544 22750 1.000000
14678 18488 1.000000
57 181 1.000000
57 4581 1.000000
181 4581 1.000000
10990 11018 1.000000
13700 14157 1.000000
18180 25115 1.000000
13421 17656 1.000000
16330 17213 1.000000
12156 12466 1.000000
16804 22734 1.000000
11692 12274 1.000000
11692 12668 1.000000
12274 12668 1.000000
4511 22023 1.000000
26272 26537 1.000000
2612 3319 1.000000
10833 11476 1.000000
10833 12019 1.000000
11476 12019 1.000000
14447 14605 1.000000
12342 12551 1.000000
12342 12639 1.000000
12342 12652 1.000000
12342 13049 1.000000
12342 13175 1.000000
12551 12639 1.000000
12551 12652 1.000000
12551 13049 1.000000
12551 13175 1.000000
12639 12652 1.000000
12639 13049 1.000000
12639 13175 1.000000
12652 13049 1.000000
12652 13175 1.000000
13049 13175 1.000000
15705 16144 1.000000
15705 17819 1.000000
16144 17819 1.000000
11191 11350 1.000000
11191 11662 1.000000
11350 11662 1.000000
20419 20800 1.000000
14405 15124 1.000000
26362 27028 0.837209
3791 19696 1.000000
15828 16039 1.000000
16317 21479 1.000000
5766 5946 1.000000
9948 12146 1.000000
9948 12367 1.000000
9948 17381 1.000000
12146 12367 1.000000
12146 17381 1.000000
12367 17381 1.000000
11655 11805 1.000000
11655 13196 1.000000
11805 13196 1.000000
11809 11959 1.000000
11809 11972 1.000000
11959 11972 1.000000
14970 18910 1.000000
3880 11590 1.000000
13892 14307 1.000000
5852 8131 0.909091
13008 13316 1.000000
13008 13976 1.000000
13316 13976 1.000000
8655 27689 0.923077
22434 25346 1.000000
14718 17719 1.000000
19321 24487 1.000000
13079 13810 1.000000
5906 6264 1.000000
5906 19904 1.000000
6264 19904 1.000000
12875 14421 1.000000
13350 14641 1.000000
20036 20126 1.000000
20036 20380 1.000000
20126 20380 1.000000
12749 13183 1.000000
11458 11471 1.000000
13679 15621 1.000000
11115 13954 1.000000
11564 14336 1.000000
6182 9803 1.000000
18608 22639 1.000000
12272 13475 1.000000
17748 19036 1.000000
11352 11618 1.000000
11352 14974 1.000000
11618 14974 1.000000
4008 16071 1.000000
4008 24311 1.000000
16071 24311 1.000000
21805 23377 1.000000
16849 17757 1.000000
12726 12790 1.000000
12726 14825 1.000000
12790 14825 1.000000
16411 17056 1.000000
2466 12476 1.000000
21791 22775 1.000000
20392 22200 1.000000
22025 23806 1.000000
21901 21902 1.000000
21901 21903 1.000000
21902 21903 1.000000
14441 14442 1.000000
14477 16162 1.000000
5428 8562 1.000000
11740 14009 1.000000
13426 13757 1.000000
15186 16515 1.000000
15186 17856 1.000000
16515 17856 1.000000
9745 14172 1.000000
2752 3485 1.000000
50 4389 1.000000
13076 13202 1.000000
18582 18707 1.000000
13692 14327 1.000000
13692 15547 1.000000
14327 15547 1.000000
13344 17005 1.000000
11496 12260 1.000000
5569 5800 1.000000
995 2771 1.000000
995 4891 1.000000
2771 4891 1.000000
13301 13368 1.000000
12235 13112 1.000000
15724 17881 1.000000
17703 18525 1.000000
17703 19785 1.000000
17703 19797 1.000000
18525 19785 1.000000
18525 19797 1.000000
19785 19797 1.000000
2972 5441 1.000000
4693 5105 1.000000
2409 6012 1.000000
2409 7080 1.000000
6012 7080 1.000000
11948 12996 1.000000
11948 13152 1.000000
11948 13591 1.000000
12996 13152 1.000000
12996 13591 1.000000
13152 13591 1.000000
16903 25030 1.000000
22507 23815 1.000000
4475 5554 0.976190
2741 19067 1.000000
23141 23792 1.000000
13674 14699 1.000000
13828 14358 1.000000
11075 11426 1.000000
11075 11814 1.000000
11075 12730 1.000000
11075 12959 1.000000
11426 11814 1.000000
11426 12730 1.000000
11426 12959 1.000000
11814 12730 1.000000
11814 12959 1.000000
12730 12959 1.000000
3953 20148 1.000000
5239 22796 1.000000
23985 25101 1.000000
24257 24258 1.000000
20011 20677 1.000000
20439 23675 1.000000
15865 17624 1.000000
14187 16578 1.000000
14527 14528 1.000000
10665 10847 1.000000
10665 10909 1.000000
10665 15080 1.000000
10847 10909 1.000000
10847 15080 1.000000
10909 15080 1.000000
15365 16483 1.000000
15365 19380 1.000000
16483 19380 1.000000
13567 13767 1.000000
10837 11270 1.000000
10837 11585 1.000000
10837 12147 1.000000
10837 12893 1.000000
11270 11585 1.000000
11270 12147 1.000000
11270 12893 1.000000
11585 12147 1.000000
11585 12893 1.000000
12147 12893 1.000000
1522 5814 1.000000
2288 2515 0.857143
10597 10884 1.000000
10597 11266 1.000000
10884 11266 1.000000
18387 19190 1.000000
16465 16469 1.000000
20799 22758 1.000000
18154 19079 1.000000
19554 22473 1.000000
18595 27063 1.000000
2153 20564 1.000000
9207 9909 1.000000
12326 13369 1.000000
15217 15218 1.000000
3544 5207 1.000000
17663 17664 1.000000
17663 24473 1.000000
17664 24473 1.000000
359 2677 1.000000
359 19974 1.000000
2677 19974 1.000000
13227 14645 1.000000
5693 6193 0.857143
14782 14793 1.000000
14782 17187 1.000000
14782 21005 1.000000
14782 23554 1.000000
14793 17187 1.000000
14793 21005 1.000000
14793 23554 1.000000
17187 21005 1.000000
17187 23554 1.000000
21005 23554 1.000000
10013 10208 1.000000
555 25339 1.000000
555 26968 1.000000
25339 26968 1.000000
8892 8922 0.916667
16806 27499 1.000000
11693 15863 1.000000
1279 1937 1.000000
18233 18822 1.000000
8927 9146 1.000000
3009 5224 0.875000
25898 26278 1.000000
26452 27739 1.000000
13676 13934 1.000000
16274 16374 1.000000
11691 12137 1.000000
11691 12576 1.000000
12137 12576 1.000000
18863 21243 1.000000
21307 23145 0.800000
11798 13205 1.000000
11798 13238 1.000000
13205 13238 1.000000
16043 25385 1.000000
12823 14385 1.000000
2767 13732 1.000000
11041 11051 1.000000
11041 11302 1.000000
11051 11302 1.000000
12877 13168 1.000000
13352 14254 1.000000
13352 14393 1.000000
13352 14634 1.000000
14254 14393 1.000000
14254 14634 1.000000
14393 14634 1.000000
3111 26734 1.000000
17286 18114 1.000000
11377 11453 1.000000
11377 14042 1.000000
11453 14042 1.000000
2069 27211 1.000000
13428 13592 1.000000
13428 14360 1.000000
13428 14454 1.000000
13592 14360 1.000000
13592 14454 1.000000
14360 14454 1.000000
8743 8837 0.909091
4329 8654 0.857143
15426 15449 1.000000
15964 17617 1.000000
15964 22019 1.000000
17617 22019 1.000000
6970 17669 1.000000
6970 18451 1.000000
6970 21303 1.000000
17669 18451 1.000000
17669 21303 1.000000
18451 21303 1.000000
20184 21543 0.833333
15321 25347 1.000000
107 2014 1.000000
107 22529 1.000000
107 25300 1.000000
2014 22529 1.000000
2014 25300 1.000000
22529 25300 1.000000
25359 25359 1.000000
16609 24377 1.000000
17909 20313 0.916667
16862 18094 1.000000
16862 19142 1.000000
18094 19142 1.000000
21975 21976 1.000000
9654 9662 0.833333
9654 9923 0.833333
18393 18651 0.857143
23081 23542 0.863636
6846 7267 0.952381
